0 198 67 76 161 74 68 23 108 102 13 139 44 100 122 147 57 111 153 134 128 178 75 29 162 67 194 165 84 54 81 77
198 0 250 148 76 257 211 175 122 134 194 176 235 102 183 156 253 89 171 175 92 206 146 214 75 260 180 94 207 216 245 128
67 250 0 142 224 7 51 84 174 129 79 138 25 160 187 156 34 170 219 134 191 167 142 40 199 21 194 230 67 37 28 122
76 148 142 0 92 149 130 61 34 114 65 168 119 49 63 166 129 61 84 164 60 212 2 103 142 142 213 92 140 122 153 75
161 76 224 92 0 231 197 141 59 141 153 196 204 66 111 183 217 59 96 193 34 235 92 185 117 228 220 20 200 196 227 114
74 257 7 149 231 0 55 91 181 134 86 140 31 167 193 159 37 176 225 137 198 168 149 47 205 23 197 237 70 42 27 129
68 211 51 130 197 55 0 71 156 81 81 88 54 132 186 105 76 139 213 84 166 120 129 46 153 70 145 207 18 18 35 85
23 175 84 61 141 91 71 0 90 85 23 128 63 78 115 133 79 89 142 123 107 170 59 44 141 88 181 146 83 62 92 56
108 122 174 34 59 181 156 90 0 123 98 180 152 41 65 173 163 48 70 176 30 223 34 134 132 175 218 58 164 151 182 86
102 134 129 114 141 134 81 85 123 0 108 57 122 84 177 52 144 85 192 53 118 99 112 103 72 144 99 157 74 92 116 39
13 194 79 65 153 86 81 23 98 108 0 148 55 94 109 155 65 106 140 144 120 189 64 42 164 77 202 156 96 67 94 79
139 176 138 168 196 140 88 128 180 57 148 0 141 142 232 24 163 141 248 4 174 43 166 127 102 158 57 212 71 105 115 95
44 235 25 119 204 31 54 63 152 122 55 141 0 140 162 156 23 151 194 137 170 175 119 21 190 25 198 209 73 36 47 108
100 102 160 49 66 167 132 78 41 84 94 142 140 0 103 133 156 13 110 138 35 183 48 121 94 165 177 76 135 130 162 50
122 183 187 63 111 193 186 115 65 177 109 232 162 103 0 229 164 112 36 227 92 275 65 151 197 180 275 99 199 175 203 138
147 156 156 166 183 159 105 133 173 52 155 24 156 133 229 0 178 131 243 25 164 53 164 140 81 175 48 200 89 121 135 92
57 253 34 129 217 37 76 79 163 144 65 163 23 156 164 178 0 167 198 159 184 196 129 41 211 17 220 220 94 58 61 128
111 89 170 61 59 176 139 89 48 85 106 141 151 13 112 131 167 0 116 138 33 182 59 131 85 176 173 72 141 139 170 55
153 171 219 84 96 225 213 142 70 192 140 248 194 110 36 243 198 116 0 244 88 291 85 181 199 213 287 79 224 204 233 153
134 175 134 164 193 137 84 123 176 53 144 4 137 138 227 25 159 138 244 0 171 48 162 123 101 154 61 209 67 101 112 91
128 92 191 60 34 198 166 107 30 118 120 174 170 35 92 164 184 33 88 171 0 215 59 151 111 194 205 41 170 164 195 86
178 206 167 212 235 168 120 170 223 99 189 43 175 183 275 53 196 182 291 48 215 0 209 164 131 188 40 252 102 139 141 138
75 146 142 2 92 149 129 59 34 112 64 166 119 48 65 164 129 59 85 162 59 209 0 102 140 141 211 92 139 121 152 72
29 214 40 103 185 47 46 44 134 103 42 127 21 121 151 140 41 131 181 123 151 164 102 0 170 45 184 190 64 28 52 88
162 75 199 142 117 205 153 141 132 72 164 102 190 94 197 81 211 85 199 101 111 131 140 170 0 213 107 137 144 163 188 85
67 260 21 142 228 23 70 88 175 144 77 158 25 165 180 175 17 176 213 154 194 188 141 45 213 0 215 232 87 54 49 133
194 180 194 213 220 197 145 181 218 99 202 57 198 177 275 48 220 173 287 61 205 40 211 184 107 215 0 239 127 162 171 138
165 94 230 92 20 237 207 146 58 157 156 212 209 76 99 200 220 72 79 209 41 252 92 190 137 232 239 0 211 204 236 126
84 207 67 140 200 70 18 83 164 74 96 71 73 135 199 89 94 141 224 67 170 102 139 64 144 87 127 211 0 37 46 86
54 216 37 122 196 42 18 62 151 92 67 105 36 130 175 121 58 139 204 101 164 139 121 28 163 54 162 204 37 0 31 89
81 245 28 153 227 27 35 92 182 116 94 115 47 162 203 135 61 170 233 112 195 141 152 52 188 49 171 236 46 31 0 118
77 128 122 75 114 129 85 56 86 39 79 95 108 50 138 92 128 55 153 91 86 138 72 88 85 133 138 126 86 89 118 0
