0 60 135 66 125 17 83 221 39 201 169 146 155 96 148 167 182 126 119 158 88 202 138 144 153 188 120 92 220 224 64 143 164 175 74 76 241 103 178 153 141 173 146 146 202 20 145 146 21 203 106 108 80 188 71 125 56 107 69 57 142 134 23 130
60 0 129 79 161 76 142 186 35 177 173 91 160 155 91 197 194 151 96 149 37 167 122 185 100 140 82 53 241 187 50 88 170 144 30 136 204 57 161 162 111 172 177 146 201 74 167 157 54 209 54 167 21 169 91 128 108 139 129 92 93 81 64 101
135 129 0 69 99 137 178 111 151 77 46 198 36 176 194 108 72 72 43 23 108 98 25 124 123 125 75 182 126 120 175 195 46 71 103 168 132 182 48 43 55 43 95 19 71 153 70 43 114 81 107 193 126 59 68 19 186 81 177 91 211 113 157 52
66 79 69 0 85 68 116 165 88 140 104 165 90 119 163 119 120 73 63 92 77 149 77 111 127 151 80 131 163 171 115 162 99 120 64 107 187 135 114 89 88 107 99 80 136 84 89 83 46 138 88 136 85 125 13 59 117 62 112 30 171 110 89 78
125 161 99 85 0 114 113 209 160 172 93 250 84 102 248 43 86 28 127 114 162 197 122 27 206 219 155 210 102 219 187 246 85 170 149 106 230 216 141 74 148 105 25 91 126 134 42 68 113 112 171 118 170 152 72 80 151 23 123 70 254 190 146 141
17 76 137 68 114 0 66 229 55 207 167 163 153 79 165 157 178 118 126 160 103 211 143 132 167 201 131 109 212 233 79 160 161 182 88 59 249 120 182 150 149 173 137 146 201 20 139 143 29 200 120 91 96 192 70 125 49 99 54 51 158 148 33 138
83 142 178 116 113 66 0 281 117 254 195 226 182 20 229 154 196 131 180 200 168 265 191 117 231 262 192 168 215 288 135 223 187 236 153 9 303 181 225 175 204 204 138 181 230 72 152 168 93 222 185 25 162 236 111 161 57 111 19 88 219 212 87 193
221 186 111 165 209 229 281 0 219 41 128 209 130 282 202 210 154 182 103 96 150 19 91 233 109 71 104 226 203 13 236 208 135 46 157 272 21 218 70 141 80 115 202 119 117 240 175 145 201 142 136 300 171 60 171 130 277 192 278 194 231 117 238 91
39 35 151 88 160 55 117 219 0 207 191 109 177 133 112 201 208 157 124 172 72 200 147 181 135 176 115 53 250 220 27 106 186 175 63 112 238 65 188 177 142 192 180 165 221 45 175 171 47 226 89 142 56 197 98 145 75 141 101 90 103 117 32 131
201 177 77 140 172 207 254 41 207 0 87 218 91 252 211 170 113 145 84 58 144 39 64 195 120 94 97 223 162 53 227 216 95 38 147 244 59 218 31 102 66 74 163 81 77 221 136 106 180 101 134 270 165 20 143 95 256 157 252 166 237 122 221 76
169 173 46 104 93 167 195 128 191 87 0 244 14 188 240 83 29 67 89 39 154 121 67 112 167 161 120 226 83 140 217 242 8 100 148 186 147 227 59 20 96 14 78 27 35 186 52 27 150 36 153 206 171 68 98 46 215 86 199 117 257 158 192 96
146 91 198 165 250 163 226 209 109 218 244 0 233 241 9 284 269 237 156 212 92 192 181 275 101 142 127 62 320 204 96 3 243 180 102 221 221 47 214 238 158 240 264 217 265 154 250 234 145 279 91 251 80 218 178 203 180 227 210 183 25 96 140 153
155 160 36 90 84 153 182 130 177 91 14 233 0 176 229 80 36 57 80 36 142 122 60 105 159 157 111 213 90 141 203 231 10 98 135 173 150 214 61 10 90 22 72 17 48 172 45 16 136 49 143 194 159 71 84 32 201 74 186 103 246 150 178 88
96 155 176 119 102 79 20 282 133 252 188 241 176 0 244 140 187 123 182 197 178 266 191 102 240 268 197 185 201 289 152 238 180 237 163 21 304 197 223 169 207 198 126 177 223 88 142 162 103 213 194 18 174 234 112 158 77 103 38 89 235 221 103 197
148 91 194 163 248 165 229 202 112 211 240 9 229 244 0 282 265 235 151 207 89 185 176 274 93 134 122 67 317 197 100 9 239 173 100 223 213 52 208 234 152 235 262 213 260 157 247 231 145 274 87 254 78 212 176 199 184 226 213 182 34 89 143 147
167 197 108 119 43 157 154 210 201 170 83 284 80 140 282 0 63 47 146 116 193 201 134 40 228 233 177 248 61 221 228 281 76 177 182 147 230 254 141 70 163 97 21 94 108 177 38 67 154 88 200 155 204 150 107 93 194 60 165 110 290 215 189 158
182 194 72 120 86 178 196 154 208 113 29 269 36 187 265 63 0 65 116 67 178 148 95 98 195 190 147 247 54 166 235 267 26 129 170 188 172 249 86 32 124 40 65 53 44 197 44 37 164 26 179 204 194 94 111 67 223 86 203 127 281 186 206 124
126 151 72 73 28 118 131 182 157 145 67 237 57 123 235 47 65 0 104 86 147 170 96 52 184 194 133 203 94 191 184 234 59 143 135 123 202 208 114 48 123 79 27 64 100 138 21 41 110 90 154 140 158 125 61 54 161 21 138 68 244 170 148 117
119 96 43 63 127 126 180 103 124 84 89 156 80 182 151 146 116 104 0 56 68 86 26 154 82 92 32 146 169 108 145 153 89 57 66 170 124 144 65 86 24 84 130 62 110 138 108 84 98 123 65 199 88 73 71 54 174 105 175 93 170 70 138 15
158 149 23 92 114 160 200 96 172 58 39 212 36 197 207 116 67 86 56 0 124 86 31 137 129 122 85 201 121 106 196 209 43 62 121 191 116 199 27 46 58 29 106 23 53 176 79 49 137 69 121 215 143 39 91 38 209 99 200 114 227 122 180 60
88 37 108 77 162 103 168 150 72 144 154 92 142 178 89 193 178 147 68 124 0 131 94 188 65 103 47 79 228 150 86 89 152 109 15 160 168 76 132 146 78 150 174 126 177 105 158 142 75 189 18 192 21 138 90 111 141 139 157 101 103 46 98 70
202 167 98 149 197 211 265 19 200 39 121 192 122 266 185 201 148 170 86 86 131 0 77 222 92 58 85 207 199 23 217 191 127 29 138 256 39 200 62 132 62 108 191 108 115 222 165 135 182 139 117 284 152 55 154 117 258 179 260 177 214 99 220 73
138 122 25 77 122 143 191 91 147 64 67 181 60 191 176 134 95 96 26 31 94 77 0 148 100 100 55 172 149 99 170 179 68 48 92 182 113 170 40 68 30 59 120 42 84 158 95 68 117 99 90 209 114 50 80 42 192 103 189 103 196 92 159 30
144 185 124 111 27 132 117 233 181 195 112 275 105 102 274 40 98 52 154 137 188 222 148 0 233 245 182 232 100 243 208 272 104 195 175 111 254 240 164 95 175 125 34 115 141 151 60 89 135 124 198 116 195 175 98 106 162 50 130 93 278 217 164 168
153 100 123 127 206 167 231 109 135 120 167 101 159 240 93 228 195 184 82 129 65 92 100 233 0 44 51 125 249 104 143 99 169 83 79 223 121 114 123 167 71 158 211 142 179 170 190 166 138 198 47 255 79 124 139 136 206 183 221 156 123 19 162 71
188 140 125 151 219 201 262 71 176 94 161 142 157 268 134 233 190 194 92 122 103 58 100 245 44 0 71 169 243 64 186 141 165 63 115 254 80 158 107 166 71 150 219 141 164 207 195 167 171 186 86 284 121 104 160 141 244 197 254 180 165 60 201 78
120 82 75 80 155 131 192 104 115 97 120 127 111 197 122 177 147 133 32 85 47 85 55 182 51 71 0 126 201 106 132 125 121 62 53 183 123 121 87 118 32 114 160 94 138 140 139 116 102 154 37 213 68 93 91 85 176 132 184 110 144 39 136 26
92 53 182 131 210 109 168 226 53 223 226 62 213 185 67 248 247 203 146 201 79 207 172 232 125 169 126 0 293 224 34 59 223 187 80 164 242 15 210 215 157 225 228 199 253 96 219 210 97 262 90 193 58 217 142 181 119 189 151 140 51 110 81 149
220 241 126 163 102 212 215 203 250 162 83 320 90 201 317 61 54 94 169 121 228 199 149 100 249 243 201 293 0 215 277 317 80 182 220 208 219 297 138 83 179 93 78 107 86 232 75 86 204 61 231 216 243 144 153 118 252 114 226 162 330 239 243 178
224 187 120 171 219 233 288 13 220 53 140 204 141 289 197 221 166 191 108 106 150 23 99 243 104 64 106 224 215 0 236 203 146 52 158 278 18 216 81 152 84 126 212 129 130 244 185 155 204 154 135 307 170 72 177 139 280 201 283 200 227 114 241 95
64 50 175 115 187 79 135 236 27 227 217 96 203 152 100 228 235 184 145 196 86 217 170 208 143 186 132 34 277 236 0 93 213 193 80 131 253 49 210 203 161 217 207 191 246 64 202 197 74 252 101 160 66 218 125 171 85 168 118 118 84 126 49 151
143 88 195 162 246 160 223 208 106 216 242 3 231 238 9 281 267 234 153 209 89 191 179 272 99 141 125 59 317 203 93 0 241 178 99 218 220 44 212 235 156 237 261 214 263 151 247 231 141 276 89 248 77 216 175 200 177 224 207 179 25 94 137 150
164 170 46 99 85 161 187 135 186 95 8 243 10 180 239 76 26 59 89 43 152 127 68 104 169 165 121 223 80 146 213 241 0 105 145 178 154 224 65 12 98 21 70 27 43 180 44 19 144 40 153 198 169 75 92 42 208 77 191 110 256 159 187 98
175 144 71 120 170 182 236 46 175 38 100 180 98 237 173 177 129 143 57 62 109 29 48 195 83 63 62 187 182 52 193 178 105 0 114 226 67 181 44 108 34 88 165 83 102 194 140 110 154 124 97 255 130 42 125 89 230 151 231 148 200 84 193 45
74 30 103 64 149 88 153 157 63 147 148 102 135 163 100 182 170 135 66 121 15 138 92 175 79 115 53 80 220 158 80 99 145 114 0 145 175 79 131 138 81 146 162 120 173 92 148 134 60 183 32 177 24 139 77 104 128 126 142 86 111 60 86 71
76 136 168 107 106 59 9 272 112 244 186 221 173 21 223 147 188 123 170 191 160 256 182 111 223 254 183 164 208 278 131 218 178 226 145 0 294 176 216 167 195 195 131 172 221 67 144 160 85 213 177 32 155 227 102 152 57 102 20 79 214 204 82 184
241 204 132 187 230 249 303 21 238 59 147 221 150 304 213 230 172 202 124 116 168 39 113 254 121 80 123 242 219 18 253 220 154 67 175 294 0 233 89 161 100 133 222 139 133 260 195 165 221 158 153 321 188 80 192 151 297 213 299 215 244 132 258 111
103 57 182 135 216 120 181 218 65 218 227 47 214 197 52 254 249 208 144 199 76 200 170 240 114 158 121 15 297 216 49 44 224 181 79 176 233 0 207 217 153 225 233 199 252 109 223 212 106 263 84 206 56 213 147 182 134 195 164 147 39 101 94 145
178 161 48 114 141 182 225 70 188 31 59 214 61 223 208 141 86 114 65 27 132 62 40 164 123 107 87 210 138 81 210 212 65 44 131 216 89 207 0 71 56 46 132 50 58 197 105 75 157 80 125 241 152 11 115 65 231 127 225 138 231 120 199 62
153 162 43 89 74 150 175 141 177 102 20 238 10 169 234 70 32 48 86 46 146 132 68 95 167 166 118 215 83 152 203 235 12 108 138 167 161 217 71 0 98 31 61 26 54 169 34 7 134 50 148 186 162 81 82 35 197 66 180 99 249 156 176 96
141 111 55 88 148 149 204 80 142 66 96 158 90 207 152 163 124 123 24 58 78 62 30 175 71 71 32 157 179 84 161 156 98 34 81 195 100 153 56 98 0 88 148 72 109 160 124 98 121 127 69 224 99 61 95 70 197 127 199 117 175 65 159 11
173 172 43 107 105 173 204 115 192 74 14 240 22 198 235 97 40 79 84 29 150 108 59 125 158 150 114 225 93 126 217 237 21 88 146 195 133 225 46 31 88 0 91 27 29 191 65 38 153 40 148 216 169 54 103 48 221 96 207 123 254 151 196 89
146 177 95 99 25 137 138 202 180 163 78 264 72 126 262 21 65 27 130 106 174 191 120 34 211 219 160 228 78 212 207 261 70 165 162 131 222 233 132 61 148 91 0 83 107 157 27 57 133 91 181 142 184 142 87 78 175 39 148 90 270 197 169 143
146 146 19 80 91 146 181 119 165 81 27 217 17 177 213 94 53 64 62 23 126 108 42 115 142 141 94 199 107 129 191 214 27 83 120 172 139 199 50 26 72 27 83 0 56 164 57 27 126 63 126 195 144 61 76 21 195 77 183 98 230 132 169 71
202 201 71 136 126 201 230 117 221 77 35 265 48 223 260 108 44 100 110 53 177 115 84 141 179 164 138 253 86 130 246 263 43 102 173 221 133 252 58 54 109 29 107 56 0 219 83 61 182 25 174 240 196 61 131 77 249 120 234 151 280 174 225 113
20 74 153 84 134 20 72 240 45 221 186 154 172 88 157 177 197 138 138 176 105 222 158 151 170 207 140 96 232 244 64 151 180 194 92 67 260 109 197 169 160 191 157 164 219 0 159 162 40 219 123 97 95 207 88 143 37 119 56 71 147 151 15 150
145 167 70 89 42 139 152 175 175 136 52 250 45 142 247 38 44 21 108 79 158 165 95 60 190 195 139 219 75 185 202 247 44 140 148 144 195 223 105 34 124 65 27 57 83 159 0 30 129 70 164 159 171 116 78 54 181 42 159 88 258 177 168 120
146 157 43 83 68 143 168 145 171 106 27 234 16 162 231 67 37 41 84 49 142 135 68 89 166 167 116 210 86 155 197 231 19 110 134 160 165 212 75 7 98 38 57 27 61 162 30 0 127 57 145 179 158 86 75 31 190 59 173 92 245 155 170 95
21 54 114 46 113 29 93 201 47 180 150 145 136 103 145 154 164 110 98 137 75 182 117 135 138 171 102 97 204 204 74 141 144 154 60 85 221 106 157 134 121 153 133 126 182 40 129 127 0 184 92 117 71 167 53 105 76 94 83 43 144 119 43 110
203 209 81 138 112 200 222 142 226 101 36 279 49 213 274 88 26 90 123 69 189 139 99 124 198 186 154 262 61 154 252 276 40 124 183 213 158 263 80 50 127 40 91 63 25 219 70 57 184 0 188 230 207 84 132 81 246 111 227 149 292 191 226 129
106 54 107 88 171 120 185 136 89 134 153 91 143 194 87 200 179 154 65 121 18 117 90 198 47 86 37 90 231 135 101 89 153 97 32 177 153 84 125 148 69 148 181 126 174 123 164 145 92 188 0 209 35 130 101 114 159 148 174 114 107 28 116 62
108 167 193 136 118 91 25 300 142 270 206 251 194 18 254 155 204 140 199 215 192 284 209 116 255 284 213 193 216 307 160 248 198 255 177 32 321 206 241 186 224 216 142 195 240 97 159 179 117 230 209 0 187 252 129 176 79 120 42 106 244 236 112 214
80 21 126 85 170 96 162 171 56 165 171 80 159 174 78 204 194 158 88 143 21 152 114 195 79 121 68 58 243 170 66 77 169 130 24 155 188 56 152 162 99 169 184 144 196 95 171 158 71 207 35 187 0 159 98 127 129 147 149 104 87 61 85 90
188 169 59 125 152 192 236 60 197 20 68 218 71 234 212 150 94 125 73 39 138 55 50 175 124 104 93 217 144 72 218 216 75 42 139 227 80 213 11 81 61 54 142 61 61 207 116 86 167 84 130 252 159 0 126 76 241 138 236 149 236 123 209 69
71 91 68 13 72 70 111 171 98 143 98 178 84 112 176 107 111 61 71 91 90 154 80 98 139 160 91 142 153 177 125 175 92 125 77 102 192 147 115 82 95 103 87 76 131 88 78 75 53 132 101 129 98 126 0 55 118 49 109 23 183 122 95 85
125 128 19 59 80 125 161 130 145 95 46 203 32 158 199 93 67 54 54 38 111 117 42 106 136 141 85 181 118 139 171 200 42 89 104 152 151 182 65 35 70 48 78 21 77 143 54 31 105 81 114 176 127 76 55 0 174 63 162 77 214 124 148 66
56 108 186 117 151 49 57 277 75 256 215 180 201 77 184 194 223 161 174 209 141 258 192 162 206 244 176 119 252 280 85 177 208 230 128 57 297 134 231 197 197 221 175 195 249 37 181 190 76 246 159 79 129 241 118 174 0 140 39 98 169 187 44 186
107 139 81 62 23 99 111 192 141 157 86 227 74 103 226 60 86 21 105 99 139 179 103 50 183 197 132 189 114 201 168 224 77 151 126 102 213 195 127 66 127 96 39 77 120 119 42 59 94 111 148 120 147 138 49 63 140 0 117 50 232 167 130 120
69 129 177 112 123 54 19 278 101 252 199 210 186 38 213 165 203 138 175 200 157 260 189 130 221 254 184 151 226 283 118 207 191 231 142 20 299 164 225 180 199 207 148 183 234 56 159 173 83 227 174 42 149 236 109 162 39 117 0 86 202 202 70 188
57 92 91 30 70 51 88 194 90 166 117 183 103 89 182 110 127 68 93 114 101 177 103 93 156 180 110 140 162 200 118 179 110 148 86 79 215 147 138 99 117 123 90 98 151 71 88 92 43 149 114 106 104 149 23 77 98 50 86 0 185 138 80 107
142 93 211 171 254 158 219 231 103 237 257 25 246 235 34 290 281 244 170 227 103 214 196 278 123 165 144 51 330 227 84 25 256 200 111 214 244 39 231 249 175 254 270 230 280 147 258 245 144 292 107 244 87 236 183 214 169 232 202 185 0 116 132 169
134 81 113 110 190 148 212 117 117 122 158 96 150 221 89 215 186 170 70 122 46 99 92 217 19 60 39 110 239 114 126 94 159 84 60 204 132 101 120 156 65 151 197 132 174 151 177 155 119 191 28 236 61 123 122 124 187 167 202 138 116 0 144 62
23 64 157 89 146 33 87 238 32 221 192 140 178 103 143 189 206 148 138 180 98 220 159 164 162 201 136 81 243 241 49 137 187 193 86 82 258 94 199 176 159 196 169 169 225 15 168 170 43 226 116 112 85 209 95 148 44 130 70 80 132 144 0 148
130 101 52 78 141 138 193 91 131 76 96 153 88 197 147 158 124 117 15 60 70 73 30 168 71 78 26 149 178 95 151 150 98 45 71 184 111 145 62 96 11 89 143 71 113 150 120 95 110 129 62 214 90 69 85 66 186 120 188 107 169 62 148 0
