0 68 155 71 174 19 93 305 52 264 176 167 162 99 162 229 213 164 160 184 119 281 177 204 209 265 170 122 286 313 90 163 176 240 102 80 335 130 222 169 194 179 200 154 206 27 185 164 26 223 144 118 97 238 78 130 79 145 87 75 180 183 27 179
68 0 161 111 224 83 161 237 50 196 226 117 212 161 112 279 263 214 100 176 51 213 133 254 141 197 102 72 336 245 58 113 226 172 34 148 267 80 168 219 126 217 250 188 248 95 235 214 64 273 76 186 29 170 128 170 147 195 155 125 130 115 87 111
155 161 0 84 125 170 248 150 163 109 65 278 51 248 273 118 102 87 61 29 148 126 28 149 166 138 105 233 175 158 201 274 65 85 135 235 180 241 67 58 67 56 101 27 87 182 74 53 129 112 151 273 168 83 91 25 234 110 242 124 291 158 174 70
71 111 84 0 113 86 164 234 113 193 115 228 101 164 223 168 152 103 89 113 98 210 106 143 138 194 99 183 225 242 151 224 115 169 85 151 264 191 151 108 123 108 139 83 137 98 124 103 47 162 101 189 118 167 17 59 150 84 158 40 241 112 90 108
174 224 125 113 0 155 123 275 226 234 132 341 118 123 336 55 115 38 130 154 211 251 147 30 229 235 168 296 112 283 264 337 120 210 198 110 305 304 192 105 164 149 26 124 176 181 59 96 160 151 214 148 231 208 96 100 183 29 129 99 354 221 201 149
19 83 170 86 155 0 78 320 71 279 177 186 163 80 181 210 194 145 175 199 134 296 192 185 224 280 185 141 267 328 109 182 165 255 117 65 350 149 237 150 209 194 181 169 221 26 166 145 41 204 159 103 112 253 79 145 64 126 72 56 199 198 46 194
93 161 248 164 123 78 0 398 123 357 255 238 241 28 233 158 238 161 253 277 212 374 270 133 302 358 263 193 215 406 161 234 243 333 195 13 428 201 315 228 287 272 147 247 299 78 182 219 119 274 237 25 190 331 157 223 80 138 26 124 251 276 98 272
305 237 150 234 275 320 398 0 287 41 143 232 157 398 227 248 160 237 145 121 186 24 128 299 120 92 135 259 221 16 295 228 155 65 203 385 30 239 83 170 111 126 251 151 133 332 216 179 279 158 161 423 208 67 241 175 384 260 392 274 245 122 324 126
52 50 163 113 226 71 123 287 0 246 228 115 214 151 114 281 265 216 142 178 101 263 159 256 191 247 152 70 338 295 38 111 228 222 84 124 317 78 204 221 176 219 252 190 250 45 237 216 66 275 126 148 79 220 130 172 97 197 105 127 128 165 37 161
264 196 109 193 234 279 357 41 246 0 102 273 116 357 268 207 119 196 104 80 145 53 87 258 161 133 100 228 180 57 254 269 114 48 162 344 71 236 42 129 70 85 210 110 92 291 175 138 238 117 146 382 167 26 200 134 343 219 351 233 286 153 283 85
176 226 65 115 132 177 255 143 228 102 0 343 14 255 338 105 37 94 126 50 213 123 93 156 231 203 170 298 110 151 266 339 12 118 200 242 173 306 60 27 132 17 108 38 44 189 73 36 162 47 216 280 233 76 98 56 241 117 249 131 356 223 203 135
167 117 278 228 341 186 238 232 115 273 343 0 329 266 11 396 380 331 217 293 130 220 250 371 112 144 173 75 453 216 111 4 343 225 143 239 228 55 285 336 211 334 367 305 365 160 352 331 181 390 127 263 110 285 245 287 200 312 212 242 33 120 140 208
162 212 51 101 118 163 241 157 214 116 14 329 0 241 324 91 51 80 112 36 199 133 79 142 217 189 156 284 124 165 252 325 14 104 186 228 187 292 74 13 118 31 94 24 58 175 59 22 148 61 202 266 219 90 84 42 227 103 235 117 342 209 189 121
99 161 248 164 123 80 28 398 151 357 255 266 241 0 261 150 238 161 253 277 212 374 270 105 302 358 263 221 215 406 189 262 243 333 195 27 428 229 315 228 287 272 147 247 299 106 182 219 119 274 237 25 190 331 157 223 108 138 54 124 279 276 126 272
162 112 273 223 336 181 233 227 114 268 338 11 324 261 0 391 375 326 212 288 125 215 245 366 107 135 168 86 448 211 122 13 338 220 138 234 223 66 280 331 206 329 362 300 360 159 347 326 176 385 122 258 105 280 240 282 211 307 219 237 44 115 151 203
229 279 118 168 55 210 158 248 281 207 105 396 91 150 391 0 88 65 179 127 266 224 146 51 284 256 223 351 65 256 319 392 93 183 253 157 278 359 165 78 185 122 29 97 149 236 44 69 215 124 269 175 286 181 151 109 238 84 184 154 409 276 256 188
213 263 102 152 115 194 238 160 265 119 37 380 51 238 375 88 0 77 163 87 250 160 130 139 268 240 207 335 73 168 303 376 37 155 237 225 190 343 95 44 169 46 91 75 61 220 56 49 199 36 253 263 270 95 135 93 224 100 232 138 393 260 240 172
164 214 87 103 38 145 161 237 216 196 94 331 80 161 326 65 77 0 114 116 201 213 109 62 219 197 158 286 122 245 254 327 82 172 188 148 267 294 154 67 126 111 36 86 138 171 21 58 150 113 204 186 221 170 86 62 173 23 155 89 344 211 191 123
160 100 61 89 130 175 253 145 142 104 126 217 112 253 212 179 163 114 0 76 87 121 33 154 105 105 44 172 236 153 150 213 126 80 74 240 175 180 68 119 34 117 150 88 148 187 135 114 134 173 90 278 107 78 96 70 239 115 247 129 230 97 179 19
184 176 29 113 154 199 277 121 178 80 50 293 36 277 288 127 87 116 76 0 163 97 43 178 181 153 120 248 160 129 216 289 50 68 150 264 151 256 38 49 82 41 130 30 72 211 95 58 158 97 166 302 183 54 120 54 263 139 271 153 306 173 203 85
119 51 148 98 211 134 212 186 101 145 213 130 199 212 125 266 250 201 87 163 0 162 120 241 90 146 51 85 323 194 109 126 213 121 17 199 216 93 155 206 81 204 237 175 235 146 222 201 93 260 25 237 22 155 115 157 198 182 206 112 143 64 138 78
281 213 126 210 251 296 374 24 263 53 123 220 133 374 215 224 160 213 121 97 162 0 104 275 108 80 111 235 233 32 271 216 131 41 179 361 54 215 65 146 87 114 227 127 145 308 192 155 255 170 137 399 184 65 217 151 360 236 368 250 233 100 300 102
177 133 28 106 147 192 270 128 159 87 93 250 79 270 245 146 130 109 33 43 120 104 0 171 138 110 77 205 203 136 173 246 93 63 107 257 158 213 45 86 39 84 123 55 115 204 102 81 151 140 123 295 140 61 113 47 256 132 264 146 263 130 196 42
204 254 149 143 30 185 133 299 256 258 156 371 142 105 366 51 139 62 154 178 241 275 171 0 259 259 198 326 116 307 294 367 144 234 228 132 329 334 216 129 188 173 48 148 200 211 83 120 190 175 244 124 261 232 126 124 213 59 159 129 384 251 231 173
209 141 166 138 229 224 302 120 191 161 231 112 217 302 107 284 268 219 105 181 90 108 138 259 0 56 61 163 341 104 199 108 231 113 107 289 126 143 173 224 99 222 255 193 253 236 240 219 183 278 65 327 112 173 145 175 288 200 296 178 125 26 228 96
265 197 138 194 235 280 358 92 247 133 203 144 189 358 135 256 240 197 105 153 146 80 110 259 56 0 95 219 313 76 255 146 203 85 163 345 88 199 145 196 71 194 227 165 225 292 212 191 239 250 121 383 168 145 201 147 344 220 352 234 177 82 284 86
170 102 105 99 168 185 263 135 152 100 170 173 156 263 168 223 207 158 44 120 51 111 77 198 61 95 0 128 280 143 160 169 170 70 68 250 165 136 112 163 38 161 194 132 192 197 179 158 144 217 46 288 73 112 106 114 249 139 257 139 186 53 189 35
122 72 233 183 296 141 193 259 70 228 298 75 284 221 86 351 335 286 172 248 85 235 205 326 163 219 128 0 408 267 36 73 298 194 98 194 289 20 240 291 166 289 322 260 320 115 307 286 136 345 98 218 65 240 200 242 125 267 167 197 58 137 95 163
286 336 175 225 112 267 215 221 338 180 110 453 124 215 448 65 73 122 236 160 323 233 203 116 341 313 280 408 0 237 376 449 110 228 310 214 225 416 168 117 242 119 86 148 88 293 101 122 272 63 326 240 343 168 208 166 295 141 241 211 466 333 313 245
313 245 158 242 283 328 406 16 295 57 151 216 165 406 211 256 168 245 153 129 194 32 136 307 104 76 143 267 237 0 303 212 163 73 211 393 22 247 91 178 119 134 259 159 149 340 224 187 287 174 169 431 216 75 249 183 392 268 400 282 229 130 332 134
90 58 201 151 264 109 161 295 38 254 266 111 252 189 122 319 303 254 150 216 109 271 173 294 199 255 160 36 376 303 0 109 266 230 92 162 325 56 212 259 184 257 290 228 288 83 275 254 104 313 134 186 87 228 168 210 89 235 135 165 90 173 63 169
163 113 274 224 337 182 234 228 111 269 339 4 325 262 13 392 376 327 213 289 126 216 246 367 108 146 169 73 449 212 109 0 339 221 139 235 224 53 281 332 207 330 363 301 361 156 348 327 177 386 123 259 106 281 241 283 198 308 208 238 31 116 138 204
176 226 65 115 120 165 243 155 228 114 12 343 14 243 338 93 37 82 126 50 213 131 93 144 231 203 170 298 110 163 266 339 0 118 200 230 185 306 72 15 132 29 96 38 56 183 61 24 162 47 216 268 233 88 98 56 229 105 237 119 356 223 203 135
240 172 85 169 210 255 333 65 222 48 118 225 104 333 220 183 155 172 80 68 121 41 63 234 113 85 70 194 228 73 230 221 118 0 138 320 95 188 60 111 46 109 186 86 140 267 151 114 214 165 98 358 143 60 176 110 319 195 327 209 238 105 259 61
102 34 135 85 198 117 195 203 84 162 200 143 186 195 138 253 237 188 74 150 17 179 107 228 107 163 68 98 310 211 92 139 200 138 0 182 233 106 142 193 92 191 224 162 222 129 209 188 76 247 42 220 33 142 102 144 181 169 189 99 156 81 121 77
80 148 235 151 110 65 13 385 124 344 242 239 228 27 234 157 225 148 240 264 199 361 257 132 289 345 250 194 214 393 162 235 230 320 182 0 415 202 302 215 274 259 134 234 286 79 169 206 106 261 224 38 177 318 144 210 81 125 27 111 252 263 99 259
335 267 180 264 305 350 428 30 317 71 173 228 187 428 223 278 190 267 175 151 216 54 158 329 126 88 165 289 225 22 325 224 185 95 233 415 0 269 113 200 141 156 281 181 137 362 246 209 309 162 191 453 238 97 271 205 414 290 422 304 247 152 354 156
130 80 241 191 304 149 201 239 78 236 306 55 292 229 66 359 343 294 180 256 93 215 213 334 143 199 136 20 416 247 56 53 306 188 106 202 269 0 248 299 174 297 330 268 328 123 315 294 144 353 90 226 73 248 208 250 145 275 175 205 50 117 103 171
222 168 67 151 192 237 315 83 204 42 60 285 74 315 280 165 95 154 68 38 155 65 45 216 173 145 112 240 168 91 212 281 72 60 142 302 113 248 0 87 74 49 168 68 80 249 133 96 196 105 158 340 175 16 158 92 301 177 309 191 298 165 241 77
169 219 58 108 105 150 228 170 221 129 27 336 13 228 331 78 44 67 119 49 206 146 86 129 224 196 163 291 117 178 259 332 15 111 193 215 200 299 87 0 125 44 81 31 71 176 46 9 155 54 209 253 226 103 91 49 214 90 222 104 349 216 196 128
194 126 67 123 164 209 287 111 176 70 132 211 118 287 206 185 169 126 34 82 81 87 39 188 99 71 38 166 242 119 184 207 132 46 92 274 141 174 74 125 0 123 156 94 154 221 141 120 168 179 84 312 101 74 130 76 273 149 281 163 224 91 213 15
179 217 56 108 149 194 272 126 219 85 17 334 31 272 329 122 46 111 117 41 204 114 84 173 222 194 161 289 119 134 257 330 29 109 191 259 156 297 49 44 123 0 125 29 31 206 90 53 153 56 207 297 224 59 115 49 258 134 266 148 347 214 198 126
200 250 101 139 26 181 147 251 252 210 108 367 94 147 362 29 91 36 150 130 237 227 123 48 255 227 194 322 86 259 290 363 96 186 224 134 281 330 168 81 156 125 0 100 152 207 35 72 186 127 240 172 257 184 122 80 209 55 155 125 380 247 227 159
154 188 27 83 124 169 247 151 190 110 38 305 24 247 300 97 75 86 88 30 175 127 55 148 193 165 132 260 148 159 228 301 38 86 162 234 181 268 68 31 94 29 100 0 60 181 65 28 128 85 178 272 195 84 90 24 233 109 241 123 318 185 173 97
206 248 87 137 176 221 299 133 250 92 44 365 58 299 360 149 61 138 148 72 235 145 115 200 253 225 192 320 88 149 288 361 56 140 222 286 137 328 80 71 154 31 152 60 0 233 117 80 184 25 238 324 255 80 142 78 285 161 293 175 378 245 225 157
27 95 182 98 181 26 78 332 45 291 189 160 175 106 159 236 220 171 187 211 146 308 204 211 236 292 197 115 293 340 83 156 183 267 129 79 362 123 249 176 221 206 207 181 233 0 192 171 53 230 171 103 124 265 91 157 52 152 60 82 173 210 20 206
185 235 74 124 59 166 182 216 237 175 73 352 59 182 347 44 56 21 135 95 222 192 102 83 240 212 179 307 101 224 275 348 61 151 209 169 246 315 133 46 141 90 35 65 117 192 0 37 171 92 225 207 242 149 107 65 194 44 176 110 365 232 212 144
164 214 53 103 96 145 219 179 216 138 36 331 22 219 326 69 49 58 114 58 201 155 81 120 219 191 158 286 122 187 254 327 24 114 188 206 209 294 96 9 120 53 72 28 80 171 37 0 150 59 204 244 221 112 86 44 205 81 213 95 344 211 191 123
26 64 129 47 160 41 119 279 66 238 162 181 148 119 176 215 199 150 134 158 93 255 151 190 183 239 144 136 272 287 104 177 162 214 76 106 309 144 196 155 168 153 186 128 184 53 171 150 0 209 118 144 71 212 64 106 105 131 113 61 194 157 45 153
223 273 112 162 151 204 274 158 275 117 47 390 61 274 385 124 36 113 173 97 260 170 140 175 278 250 217 345 63 174 313 386 47 165 247 261 162 353 105 54 179 56 127 85 25 230 92 59 209 0 263 299 280 105 145 103 260 136 268 150 403 270 250 182
144 76 151 101 214 159 237 161 126 146 216 127 202 237 122 269 253 204 90 166 25 137 123 244 65 121 46 98 326 169 134 123 216 98 42 224 191 90 158 209 84 207 240 178 238 171 225 204 118 263 0 262 47 158 118 160 223 185 231 115 140 39 163 81
118 186 273 189 148 103 25 423 148 382 280 263 266 25 258 175 263 186 278 302 237 399 295 124 327 383 288 218 240 431 186 259 268 358 220 38 453 226 340 253 312 297 172 272 324 103 207 244 144 299 262 0 215 356 182 248 105 163 51 149 276 301 123 297
97 29 168 118 231 112 190 208 79 167 233 110 219 190 105 286 270 221 107 183 22 184 140 261 112 168 73 65 343 216 87 106 233 143 33 177 238 73 175 226 101 224 257 195 255 124 242 221 71 280 47 215 0 175 135 177 176 202 184 132 123 86 116 98
238 170 83 167 208 253 331 67 220 26 76 285 90 331 280 181 95 170 78 54 155 65 61 232 173 145 112 240 168 75 228 281 88 60 142 318 97 248 16 103 74 59 184 84 80 265 149 112 212 105 158 356 175 0 174 108 317 193 325 207 298 165 257 77
78 128 91 17 96 79 157 241 130 200 98 245 84 157 240 151 135 86 96 120 115 217 113 126 145 201 106 200 208 249 168 241 98 176 102 144 271 208 158 91 130 115 122 90 142 91 107 86 64 145 118 182 135 174 0 66 143 67 151 33 258 125 105 115
130 170 25 59 100 145 223 175 172 134 56 287 42 223 282 109 93 62 70 54 157 151 47 124 175 147 114 242 166 183 210 283 56 110 144 210 205 250 92 49 76 49 80 24 78 157 65 44 106 103 160 248 177 108 66 0 209 85 217 99 300 167 149 79
79 147 234 150 183 64 80 384 97 343 241 200 227 108 211 238 224 173 239 263 198 360 256 213 288 344 249 125 295 392 89 198 229 319 181 81 414 145 301 214 273 258 209 233 285 52 194 205 105 260 223 105 176 317 143 209 0 154 54 110 171 262 60 258
145 195 110 84 29 126 138 260 197 219 117 312 103 138 307 84 100 23 115 139 182 236 132 59 200 220 139 267 141 268 235 308 105 195 169 125 290 275 177 90 149 134 55 109 161 152 44 81 131 136 185 163 202 193 67 85 154 0 132 70 325 192 172 134
87 155 242 158 129 72 26 392 105 351 249 212 235 54 219 184 232 155 247 271 206 368 264 159 296 352 257 167 241 400 135 208 237 327 189 27 422 175 309 222 281 266 155 241 293 60 176 213 113 268 231 51 184 325 151 217 54 132 0 118 225 270 72 266
75 125 124 40 99 56 124 274 127 233 131 242 117 124 237 154 138 89 129 153 112 250 146 129 178 234 139 197 211 282 165 238 119 209 99 111 304 205 191 104 163 148 125 123 175 82 110 95 61 150 115 149 132 207 33 99 110 70 118 0 255 152 102 148
180 130 291 241 354 199 251 245 128 286 356 33 342 279 44 409 393 344 230 306 143 233 263 384 125 177 186 58 466 229 90 31 356 238 156 252 247 50 298 349 224 347 380 318 378 173 365 344 194 403 140 276 123 298 258 300 171 325 225 255 0 133 153 221
183 115 158 112 221 198 276 122 165 153 223 120 209 276 115 276 260 211 97 173 64 100 130 251 26 82 53 137 333 130 173 116 223 105 81 263 152 117 165 216 91 214 247 185 245 210 232 211 157 270 39 301 86 165 125 167 262 192 270 152 133 0 202 88
27 87 174 90 201 46 98 324 37 283 203 140 189 126 151 256 240 191 179 203 138 300 196 231 228 284 189 95 313 332 63 138 203 259 121 99 354 103 241 196 213 198 227 173 225 20 212 191 45 250 163 123 116 257 105 149 60 172 72 102 153 202 0 198
179 111 70 108 149 194 272 126 161 85 135 208 121 272 203 188 172 123 19 85 78 102 42 173 96 86 35 163 245 134 169 204 135 61 77 259 156 171 77 128 15 126 159 97 157 206 144 123 153 182 81 297 98 77 115 79 258 134 266 148 221 88 198 0
