0 213 110 139 200 75 95 66 259 56 53 49 33 76 21 74 61 199 87 230 251 59 129 172 109 282 294 169 104 190 232 212 207 174 73 178 202 33 223 328 78 86 223 135 69 7 304 61 187 204 209 274 271 106 220 146 130 85 82 221 57 195 157 25 130 314 157 152 154 119 132 255 130 174 50 161 101 82 57 238 184 234 152 232 216 261 129 132 96 222 89 196 52 49 167 117 204 226 300 64 147 183 218 154 351 163 82 267 312 139 75 127 271 183 157 131 251 106 167 89 255 166 307 221 340 205 194 224
213 0 255 74 175 160 308 241 46 219 166 262 240 187 206 139 274 174 212 47 38 272 84 41 322 75 81 194 129 175 119 45 104 63 140 203 47 246 134 115 223 213 198 108 144 206 91 238 26 133 184 61 58 107 45 67 155 188 131 48 270 220 182 188 87 101 168 127 179 164 107 52 93 119 163 186 112 295 196 153 35 31 159 127 149 108 184 121 149 77 188 171 197 224 158 102 129 73 87 277 86 116 5 123 138 138 213 84 99 74 242 166 58 184 182 202 226 123 64 184 42 167 94 196 127 140 121 199
110 255 0 181 90 185 85 44 301 166 163 63 143 186 131 122 99 89 197 272 293 89 171 214 85 324 336 279 214 80 274 254 249 216 115 288 244 97 265 370 32 42 127 193 111 109 346 171 229 246 101 316 313 148 262 188 240 195 164 263 135 305 267 107 172 356 253 152 264 91 162 297 178 216 92 271 143 66 167 280 226 276 244 274 258 303 71 134 206 264 199 86 58 61 243 153 246 268 342 70 189 225 260 208 393 167 192 309 354 181 35 237 313 73 267 53 141 132 209 199 297 252 349 229 382 247 236 190
139 74 181 0 241 86 234 167 120 145 92 188 166 113 132 65 200 240 138 113 112 198 126 37 248 143 155 128 63 231 185 73 68 129 114 137 113 172 200 189 149 139 264 42 70 132 165 164 54 67 250 135 132 123 81 11 89 114 57 82 196 154 116 114 21 175 102 193 113 160 173 118 27 53 89 120 84 221 122 219 101 97 93 93 215 122 170 173 75 143 114 237 123 150 92 158 195 87 161 203 20 50 79 57 212 204 139 150 173 106 168 92 132 224 116 172 292 147 28 110 116 101 168 262 201 206 187 265
200 175 90 241 0 275 175 134 211 256 253 153 233 276 221 212 189 5 287 182 211 179 115 204 175 250 246 369 304 10 184 220 279 126 127 378 154 187 175 280 122 114 37 283 193 199 256 261 187 308 11 226 223 118 220 230 330 285 254 223 225 395 357 197 262 266 343 62 354 81 72 207 268 294 154 361 157 156 257 190 140 186 334 302 168 283 71 68 296 174 289 6 148 151 333 83 156 248 252 160 261 291 170 298 303 77 282 219 264 135 125 327 223 19 357 69 51 94 239 289 213 342 259 139 292 157 146 100
75 160 185 86 275 0 148 141 206 59 22 122 80 27 54 63 114 274 52 177 198 112 160 119 162 229 241 94 39 265 219 159 154 163 148 103 149 88 234 275 153 161 298 82 82 76 251 78 134 151 284 221 218 157 167 93 55 28 29 168 110 120 88 78 77 261 104 227 79 194 207 202 77 121 121 106 118 135 36 253 135 181 99 179 249 208 204 207 21 177 28 271 127 124 114 192 229 173 247 117 94 130 165 101 298 238 53 214 259 140 150 52 218 258 82 206 326 181 114 24 202 113 254 296 287 240 221 299
95 308 85 234 175 148 0 67 354 89 142 46 68 121 102 169 34 174 112 325 346 36 224 267 14 377 389 194 187 165 327 307 302 269 168 209 297 62 318 423 85 95 198 230 164 102 399 86 282 299 184 369 366 201 315 241 199 120 177 316 50 238 236 120 225 409 252 205 179 144 215 350 225 269 145 254 196 19 112 333 279 329 247 327 311 356 124 187 159 317 120 171 111 84 262 206 299 321 395 31 242 278 313 249 446 220 107 362 407 234 66 152 366 158 182 106 226 185 262 124 350 261 402 282 435 300 289 243
66 241 44 167 134 141 67 0 287 122 119 21 99 142 87 102 55 133 153 258 279 45 157 200 81 310 322 235 170 124 260 240 235 202 101 244 230 53 251 356 18 28 157 163 97 65 332 127 215 232 143 302 299 134 248 174 196 151 120 249 91 261 223 63 158 342 209 138 220 77 148 283 158 202 78 227 129 54 123 266 212 262 200 260 244 289 63 120 162 250 155 130 44 17 199 139 232 254 328 36 175 211 246 182 379 153 148 295 340 167 9 193 299 117 223 65 185 118 195 155 283 208 335 215 368 233 222 176
259 46 301 120 211 206 354 287 0 265 212 308 286 233 252 185 320 216 258 37 46 318 130 87 368 85 35 204 167 221 109 55 114 85 186 213 57 292 124 69 269 259 188 124 190 252 45 284 72 143 200 33 22 153 55 113 165 234 177 58 316 230 192 234 129 71 178 149 189 210 139 42 129 129 209 196 158 341 242 143 75 25 169 137 139 118 230 167 195 67 234 217 243 270 168 148 119 83 41 323 112 126 41 133 92 134 259 74 53 120 288 212 38 230 192 248 216 169 92 230 48 177 48 186 81 130 111 189
56 219 166 145 256 59 89 122 265 0 53 103 23 32 35 80 67 255 31 236 257 77 141 178 103 288 300 113 98 246 238 218 213 180 129 122 208 69 229 334 134 142 279 141 75 57 310 19 193 210 265 280 277 138 226 152 110 31 88 227 51 149 147 59 136 320 163 208 98 175 188 261 136 180 102 165 107 100 23 244 190 240 158 238 230 267 185 188 70 228 33 252 108 105 173 173 210 232 306 96 153 189 224 160 357 219 26 273 318 145 131 71 277 239 101 187 307 162 173 35 261 172 313 277 346 221 202 280
53 166 163 92 253 22 142 119 212 53 0 100 74 23 40 41 108 252 46 183 204 106 138 125 156 235 247 116 51 243 197 165 160 141 126 125 155 80 212 281 131 139 276 88 60 54 257 72 140 157 262 227 224 135 173 99 77 32 35 174 104 142 104 56 83 267 110 205 101 172 185 208 83 127 99 112 96 129 30 231 137 187 105 185 227 214 182 185 43 175 36 249 105 102 120 170 207 179 253 111 100 136 171 107 304 216 47 220 265 118 128 74 224 236 104 184 304 159 120 36 208 119 260 274 293 218 199 277
49 262 63 188 153 122 46 21 308 103 100 0 80 123 68 123 36 152 134 279 300 26 178 221 60 331 343 216 151 143 281 261 256 223 122 225 251 34 272 377 39 49 176 184 118 56 353 108 236 253 162 323 320 155 269 195 177 132 131 270 72 242 204 74 179 363 206 159 201 98 169 304 179 223 99 208 150 33 104 287 233 283 201 281 265 310 82 141 143 271 136 149 65 38 216 160 253 275 349 15 196 232 267 203 400 174 129 316 361 188 28 174 320 136 204 84 204 139 216 136 304 215 356 236 389 254 243 197
33 240 143 166 233 80 68 99 286 23 74 80 0 53 34 101 44 232 54 257 278 54 156 199 82 309 321 136 119 223 259 239 234 201 106 145 229 46 250 355 111 119 256 162 96 34 331 28 214 231 242 301 298 133 247 173 131 52 109 248 30 170 168 52 157 341 184 185 121 152 165 282 157 201 79 186 128 77 44 265 211 261 179 259 243 288 162 165 91 249 56 229 85 82 194 150 231 253 327 73 174 210 245 181 378 196 49 294 339 166 108 94 298 216 124 164 284 139 194 56 282 193 334 254 367 232 221 257
76 187 186 113 276 27 121 142 233 32 23 123 53 0 55 64 87 275 25 204 225 97 161 146 135 256 268 93 66 266 220 186 181 164 149 102 176 89 235 302 154 162 299 109 83 77 278 51 161 178 285 248 245 158 194 120 78 9 56 195 83 119 115 79 104 288 131 228 78 195 208 229 104 148 122 133 119 120 19 254 158 208 126 206 250 235 205 208 38 196 13 272 128 125 141 193 230 200 274 116 121 157 192 128 325 239 26 241 286 141 151 51 245 259 81 207 327 182 141 13 229 140 281 297 314 241 222 300
21 206 131 132 221 54 102 87 252 35 40 68 34 55 0 67 68 220 66 223 244 66 122 165 116 275 287 148 85 211 225 205 200 167 94 157 195 40 216 321 99 107 244 128 62 22 297 40 180 197 230 267 264 103 213 139 109 64 75 214 64 174 136 24 123 307 150 173 133 140 153 248 123 167 67 152 94 89 36 231 177 227 145 225 209 254 150 153 75 215 68 217 73 70 160 138 197 219 293 71 140 176 211 147 344 184 61 260 305 132 96 106 264 204 136 152 272 127 160 68 248 159 300 242 333 198 187 245
74 139 122 65 212 63 169 102 185 80 41 123 101 64 67 0 135 211 75 156 177 133 97 98 183 208 220 157 92 202 158 138 133 100 85 166 128 107 171 254 90 98 235 71 19 67 230 99 113 130 221 200 197 94 146 72 118 73 42 147 131 183 145 49 56 240 131 164 142 131 144 181 56 100 58 149 55 156 57 190 110 160 122 158 186 187 141 144 84 148 77 208 64 85 121 129 166 152 226 138 73 109 144 86 277 175 74 193 238 77 103 115 197 195 145 143 263 118 93 77 181 130 233 233 266 177 158 236
61 274 99 200 189 114 34 55 320 67 108 36 44 87 68 135 0 188 98 291 312 10 190 233 48 343 355 180 153 179 293 273 268 235 134 189 263 28 284 389 67 75 212 196 130 68 365 72 248 265 198 335 332 167 281 207 165 96 143 282 36 206 202 86 191 375 218 171 165 110 181 316 191 235 111 220 162 33 78 299 245 295 213 293 277 322 118 153 125 283 100 185 77 50 228 172 265 287 361 29 208 244 279 215 412 186 93 328 373 200 64 138 332 172 168 120 240 151 228 100 316 227 368 248 401 266 255 213
199 174 89 240 5 274 174 133 216 255 252 152 232 275 220 211 188 0 286 187 210 178 114 203 174 249 251 368 303 9 189 219 278 131 126 377 159 186 180 285 121 113 42 282 192 198 261 260 186 307 16 231 228 117 219 229 329 284 253 222 224 394 356 196 261 271 342 67 353 80 77 212 267 293 153 360 156 155 256 195 141 191 333 301 173 282 70 67 295 179 288 3 147 150 332 82 161 247 257 159 260 290 175 297 308 82 281 224 269 134 124 326 228 16 356 68 54 93 238 288 212 341 264 144 297 162 151 105
87 212 197 138 287 52 112 153 258 31 46 134 54 25 66 75 98 286 0 229 250 108 172 171 112 281 293 94 91 277 231 211 206 175 160 113 201 100 246 327 165 173 310 134 94 88 303 26 186 203 296 273 270 169 219 145 103 24 81 220 62 142 140 90 129 313 156 239 73 206 219 254 129 173 133 158 130 131 30 265 183 233 151 231 261 260 216 219 63 221 24 283 139 136 166 204 241 225 299 127 146 182 217 153 350 250 5 266 311 152 162 46 270 270 84 218 338 193 166 28 254 165 306 308 339 252 233 311
230 47 272 113 182 177 325 258 37 236 183 279 257 204 223 156 291 187 229 0 83 289 101 76 339 122 68 241 176 192 72 92 151 56 157 250 28 263 87 98 240 230 151 155 161 223 74 255 59 180 171 44 59 124 92 102 202 205 148 95 287 267 229 205 134 108 215 120 226 181 110 25 140 166 180 233 129 312 213 106 46 16 206 174 102 155 201 138 168 30 205 188 214 241 205 119 82 120 70 294 133 163 42 170 121 105 230 37 86 91 259 199 75 201 229 219 179 140 111 201 85 214 77 149 110 93 74 152
251 38 293 112 211 198 346 279 46 257 204 300 278 225 244 177 312 210 250 83 0 310 122 79 360 39 43 158 159 213 155 39 68 99 178 167 83 284 170 77 261 251 234 116 182 244 53 276 64 97 220 79 24 145 31 105 147 226 169 30 308 184 146 226 121 63 132 163 177 202 143 88 121 83 201 150 150 333 234 189 71 67 123 91 185 72 222 159 187 113 226 209 235 262 122 140 165 37 49 315 104 80 41 97 100 174 251 120 61 112 280 204 20 222 166 240 262 161 84 222 4 131 90 232 89 176 157 235
59 272 89 198 179 112 36 45 318 77 106 26 54 97 66 133 10 178 108 289 310 0 188 231 50 341 353 190 151 169 291 271 266 233 132 199 261 26 282 387 57 65 202 194 128 66 363 82 246 263 188 333 330 165 279 205 163 106 141 280 46 216 200 84 189 373 216 169 175 108 179 314 189 233 109 218 160 23 78 297 243 293 211 291 275 320 108 151 123 281 110 175 75 48 226 170 263 285 359 19 206 242 277 213 410 184 103 326 371 198 54 148 330 162 178 110 230 149 226 110 314 225 366 246 399 264 253 207
129 84 171 126 115 160 224 157 130 141 138 178 156 161 122 97 190 114 172 101 122 188 0 89 238 153 165 254 189 105 103 105 164 45 56 263 73 162 94 199 139 129 138 168 78 122 175 154 72 193 124 145 142 23 105 115 215 170 139 108 186 280 242 104 147 185 228 67 239 80 47 126 153 179 79 246 42 211 142 109 55 105 219 187 89 168 100 47 181 93 174 111 113 140 218 32 75 133 171 193 146 176 89 183 222 78 167 138 183 20 158 212 142 100 242 118 166 39 124 174 126 227 178 136 211 80 65 139
172 41 214 37 204 119 267 200 87 178 125 221 199 146 165 98 233 203 171 76 79 231 89 0 281 110 122 165 100 194 148 40 75 92 99 174 76 205 163 156 182 172 227 79 103 165 132 197 17 104 213 102 99 86 48 26 126 147 90 49 229 191 153 147 58 142 139 156 150 123 136 83 64 90 122 157 71 254 155 182 64 62 130 98 178 89 143 136 108 106 147 200 156 183 129 121 158 54 128 236 57 87 46 94 179 167 172 113 140 69 201 125 99 187 153 161 255 110 35 143 83 138 135 225 168 169 150 228
109 322 85 248 175 162 14 81 368 103 156 60 82 135 116 183 48 174 112 339 360 50 238 281 0 391 403 204 201 165 341 321 316 283 182 223 311 76 332 437 99 109 198 244 178 116 413 86 296 313 184 383 380 215 329 255 213 134 191 330 52 252 250 134 239 423 266 219 183 158 229 364 239 283 159 268 210 27 126 347 293 343 261 341 325 370 138 201 173 331 134 171 125 98 276 220 313 335 409 45 256 292 327 263 460 234 109 376 421 248 80 156 380 158 194 120 226 199 276 138 364 275 416 296 449 314 303 257
282 75 324 143 250 229 377 310 85 288 235 331 309 256 275 208 343 249 281 122 39 341 153 110 391 0 54 187 190 244 194 70 75 138 209 168 122 315 209 50 292 282 273 147 213 275 54 307 95 78 259 118 63 176 62 136 178 257 200 61 339 145 141 257 152 32 125 202 208 233 182 127 152 108 232 123 181 364 265 228 110 106 130 52 224 33 253 190 218 152 257 246 266 293 115 171 204 56 76 346 135 99 80 128 77 213 282 159 36 143 311 235 47 253 197 271 301 192 115 253 37 116 129 271 64 215 196 274
294 81 336 155 246 241 389 322 35 300 247 343 321 268 287 220 355 251 293 68 43 353 165 122 403 54 0 199 202 256 140 82 87 120 221 182 92 327 155 34 304 294 219 159 225 287 10 319 107 112 235 64 23 188 74 148 190 269 212 73 351 199 161 269 164 40 147 184 220 245 174 73 164 120 244 165 193 376 277 174 110 60 142 106 170 87 265 202 230 98 269 252 278 305 137 183 150 68 22 358 147 111 76 140 57 169 294 105 18 155 323 247 23 265 209 283 247 204 127 265 39 146 75 217 46 161 142 220
169 194 279 128 369 94 194 235 204 113 116 216 136 93 148 157 180 368 94 241 158 190 254 165 204 187 199 0 65 359 313 149 112 257 242 19 241 182 328 233 247 255 392 86 176 170 209 120 182 109 378 237 182 251 149 139 39 84 115 146 152 48 46 172 107 219 62 321 21 288 301 246 101 79 215 64 212 213 112 347 229 225 57 137 343 166 298 301 73 271 80 365 221 218 72 286 323 131 205 209 108 88 199 71 256 332 95 278 217 234 244 48 176 352 12 300 420 275 130 80 160 71 248 390 245 334 315 393
104 129 214 63 304 39 187 170 167 98 51 151 119 66 85 92 153 303 91 176 159 151 189 100 201 190 202 65 0 294 248 120 115 192 177 74 176 125 263 236 182 190 327 43 111 105 212 117 117 112 313 182 179 186 128 74 26 67 50 129 149 91 53 107 42 222 65 256 50 223 236 181 38 82 150 67 147 174 75 282 164 160 60 140 278 169 233 236 28 206 67 300 156 153 75 221 258 134 208 156 55 91 134 62 259 267 92 213 220 169 179 45 179 287 53 235 355 210 75 63 163 74 215 325 248 269 250 328
190 175 80 231 10 265 165 124 221 246 243 143 223 266 211 202 179 9 277 192 213 169 105 194 165 244 256 359 294 0 194 210 269 136 117 368 164 177 185 290 112 104 47 273 183 189 266 251 177 298 21 236 233 108 210 220 320 275 244 213 215 385 347 187 252 276 333 72 344 71 82 217 258 284 144 351 147 146 247 200 146 196 324 292 178 273 61 58 286 184 279 6 138 141 323 73 166 238 262 150 251 281 180 288 313 87 272 229 274 125 115 317 233 9 347 59 61 84 229 279 217 332 269 149 302 167 156 110
232 119 274 185 184 219 327 260 109 238 197 281 259 220 225 158 293 189 231 72 155 291 103 148 341 194 140 313 248 194 0 164 223 58 159 322 72 265 15 144 242 232 147 227 163 225 140 257 131 252 173 76 131 126 164 174 274 229 198 167 289 339 301 207 206 180 287 122 298 183 112 67 212 238 182 305 131 314 215 34 84 88 278 246 30 227 203 140 240 42 233 190 216 243 277 121 28 192 118 296 205 235 114 242 119 107 232 35 158 93 261 271 147 203 301 221 135 142 183 233 157 286 75 77 130 27 38 84
212 45 254 73 220 159 307 240 55 218 165 261 239 186 205 138 273 219 211 92 39 271 105 40 321 70 82 149 120 210 164 0 59 108 139 158 92 245 179 116 222 212 243 77 143 205 92 237 33 88 229 88 59 106 8 66 110 187 130 9 269 175 137 187 82 102 123 172 138 163 152 97 82 74 162 141 111 294 195 198 80 76 114 82 194 63 183 152 148 122 187 216 196 223 113 137 174 28 88 276 65 71 50 78 139 183 212 129 100 85 241 165 59 203 137 201 271 126 45 183 43 122 99 241 128 185 166 244
207 104 249 68 279 154 302 235 114 213 160 256 234 181 200 133 268 278 206 151 68 266 164 75 316 75 87 112 115 269 223 59 0 167 152 99 151 240 238 121 217 207 302 72 138 200 97 232 92 29 288 147 92 161 59 61 103 182 125 56 264 116 78 182 77 107 64 231 133 198 211 156 77 33 157 82 122 289 190 257 139 135 55 25 253 54 208 211 143 181 182 275 191 218 54 196 233 31 105 271 60 24 109 53 144 242 207 188 105 144 236 160 76 262 122 210 330 185 40 178 66 63 158 300 133 244 225 303
174 63 216 129 126 163 269 202 85 180 141 223 201 164 167 100 235 131 175 56 99 233 45 92 283 138 120 257 192 136 58 108 167 0 101 266 28 207 71 154 184 174 135 171 105 167 130 199 75 196 121 100 97 68 108 118 218 173 142 111 231 283 245 149 150 140 231 64 242 125 54 81 156 182 124 249 73 256 157 90 28 60 222 190 86 171 145 82 184 48 177 132 158 185 221 63 66 136 126 238 149 179 58 186 177 75 174 93 138 35 203 215 97 145 245 163 163 84 127 177 101 230 133 133 166 77 58 136
73 140 115 114 127 148 168 101 186 129 126 122 106 149 94 85 134 126 160 157 178 132 56 99 182 209 221 242 177 117 159 139 152 101 0 251 129 106 150 255 83 73 150 156 66 72 231 134 114 181 136 201 198 33 147 103 203 158 127 148 130 268 230 70 135 241 216 79 227 46 59 182 141 167 27 234 30 155 130 165 111 161 207 175 143 188 56 59 169 149 162 123 57 84 206 44 131 153 227 137 134 164 145 171 278 90 155 194 239 66 102 200 198 110 230 62 178 33 112 162 182 215 234 148 267 132 121 151
178 203 288 137 378 103 209 244 213 122 125 225 145 102 157 166 189 377 113 250 167 199 263 174 223 168 182 19 74 368 322 158 99 266 251 0 250 191 337 214 256 264 401 95 185 179 190 139 191 90 387 246 191 260 158 148 48 93 124 155 171 29 27 181 116 200 43 330 40 297 310 255 110 84 224 45 221 222 121 356 238 234 44 118 352 147 307 310 82 280 89 374 230 227 53 295 332 130 204 218 117 87 208 80 237 341 114 287 198 243 253 67 175 361 29 309 429 284 139 89 165 52 257 399 226 343 324 402
202 47 244 113 154 149 297 230 57 208 155 251 229 176 195 128 263 159 201 28 83 261 73 76 311 122 92 241 176 164 72 92 151 28 129 250 0 235 87 126 212 202 151 155 133 195 102 227 59 180 143 72 69 96 92 102 202 177 126 95 259 267 229 177 134 112 215 92 226 153 82 53 140 166 152 233 101 284 185 106 18 32 206 174 102 155 173 110 168 30 177 160 186 213 205 91 82 120 98 266 133 163 42 170 149 91 202 65 110 63 231 199 75 173 229 191 179 112 111 173 85 214 105 149 138 93 74 152
33 246 97 172 187 88 62 53 292 69 80 34 46 89 40 107 28 186 100 263 284 26 162 205 76 315 327 182 125 177 265 245 240 207 106 191 235 0 256 361 65 73 210 168 102 40 337 74 220 237 196 307 304 139 253 179 143 98 115 254 38 208 174 58 163 347 190 143 167 106 153 288 163 207 83 192 134 49 70 271 217 267 185 265 249 294 116 125 109 255 102 183 49 36 200 144 237 259 333 31 180 216 251 187 384 158 95 300 345 172 62 140 304 170 170 118 238 123 200 102 288 199 340 220 373 238 227 211
223 134 265 200 175 234 318 251 124 229 212 272 250 235 216 171 284 180 246 87 170 282 94 163 332 209 155 328 263 185 15 179 238 71 150 337 87 256 0 159 233 223 138 242 154 216 155 248 146 267 164 91 146 117 179 189 289 244 213 182 280 354 316 198 221 195 302 113 313 174 103 82 227 253 173 320 122 305 216 19 99 103 293 261 15 242 194 131 255 57 248 181 207 234 292 112 19 207 133 287 220 250 129 257 132 98 241 50 173 94 252 286 162 194 316 212 126 133 198 248 172 301 84 62 145 18 29 75
328 115 370 189 280 275 423 356 69 334 281 377 355 302 321 254 389 285 327 98 77 387 199 156 437 50 34 233 236 290 144 116 121 154 255 214 126 361 159 0 338 328 243 193 259 321 24 353 141 124 269 68 57 222 108 182 224 303 246 107 385 195 187 303 198 36 171 218 254 279 208 77 198 154 278 169 227 410 311 178 144 94 176 102 174 83 299 236 264 106 303 286 312 339 161 217 154 102 28 392 181 145 110 174 27 203 328 109 16 189 357 281 57 299 243 317 251 238 161 299 73 162 79 221 14 165 146 224
78 223 32 149 122 153 85 18 269 134 131 39 111 154 99 90 67 121 165 240 261 57 139 182 99 292 304 247 182 112 242 222 217 184 83 256 212 65 233 338 0 10 145 161 79 77 314 139 197 214 131 284 281 116 230 156 208 163 132 231 103 273 235 75 140 324 221 120 232 59 130 265 146 184 60 239 111 72 135 248 194 244 212 242 226 271 51 102 174 232 167 118 26 29 211 121 214 236 310 54 157 193 228 176 361 135 160 277 322 149 19 205 281 105 235 53 173 100 177 167 265 220 317 197 350 215 204 158
86 213 42 139 114 161 95 28 259 142 139 49 119 162 107 98 75 113 173 230 251 65 129 172 109 282 294 255 190 104 232 212 207 174 73 264 202 73 223 328 10 0 137 169 79 85 304 147 187 204 123 274 271 106 220 146 216 171 140 221 111 281 243 83 148 314 229 110 240 49 120 255 154 180 50 247 101 82 143 238 184 234 220 232 216 261 43 92 182 222 175 110 34 37 219 111 204 226 300 64 147 183 218 184 351 125 168 267 312 139 29 213 271 97 243 45 165 90 167 175 255 228 307 187 340 205 194 148
223 198 127 264 37 298 198 157 188 279 276 176 256 299 244 235 212 42 310 151 234 202 138 227 198 273 219 392 327 47 147 243 302 135 150 401 151 210 138 243 145 137 0 306 216 222 219 284 210 331 26 189 210 141 243 253 353 308 277 246 248 418 380 220 285 259 366 71 377 104 91 170 291 317 177 384 180 179 280 153 163 167 357 325 131 306 94 91 319 137 312 43 171 174 356 106 119 271 215 183 284 314 193 321 266 60 305 182 237 158 148 350 226 56 380 92 28 117 262 312 236 365 222 102 255 120 109 63
135 108 193 42 283 82 230 163 124 141 88 184 162 109 128 71 196 282 134 155 116 194 168 79 244 147 159 86 43 273 227 77 72 171 156 95 155 168 242 193 161 169 306 0 90 128 169 160 96 69 292 151 136 165 85 53 47 110 53 86 192 112 74 110 21 179 60 235 71 202 215 160 15 39 129 78 126 217 118 261 143 139 51 97 257 126 212 215 71 185 110 279 135 146 50 200 237 91 165 199 22 48 113 19 216 246 135 192 177 148 164 88 136 266 74 214 334 189 44 106 120 59 172 304 205 248 229 307
69 144 111 70 193 82 164 97 190 75 60 118 96 83 62 19 130 192 94 161 182 128 78 103 178 213 225 176 111 183 163 143 138 105 66 185 133 102 154 259 79 79 216 90 0 62 235 94 118 135 202 205 202 75 151 77 137 92 61 152 126 202 164 44 69 245 150 145 161 112 125 186 75 105 39 168 36 151 64 171 115 165 141 163 167 192 122 125 103 153 96 189 53 80 140 110 147 157 231 133 78 114 149 105 282 156 89 198 243 70 98 134 202 176 164 124 244 99 98 96 186 149 238 214 271 158 139 217
7 206 109 132 199 76 102 65 252 57 54 56 34 77 22 67 68 198 88 223 244 66 122 165 116 275 287 170 105 189 225 205 200 167 72 179 195 40 216 321 77 85 222 128 62 0 297 62 180 197 208 267 264 99 213 139 131 86 75 214 64 196 158 18 123 307 150 151 155 118 131 248 123 167 45 162 94 89 58 231 177 227 145 225 209 254 128 131 97 215 90 195 51 48 160 116 197 219 293 71 140 176 211 147 344 162 83 260 305 132 74 128 264 182 158 130 250 105 160 90 248 159 300 220 333 198 187 223
304 91 346 165 256 251 399 332 45 310 257 353 331 278 297 230 365 261 303 74 53 363 175 132 413 54 10 209 212 266 140 92 97 130 231 190 102 337 155 24 314 304 219 169 235 297 0 329 117 112 245 64 33 198 84 158 200 279 222 83 361 199 163 279 174 40 147 194 230 255 184 73 174 130 254 165 203 386 287 174 120 70 152 106 170 87 275 212 240 98 279 262 288 315 137 193 150 78 22 368 157 121 86 150 47 179 304 105 18 165 333 257 33 275 219 293 247 214 137 275 49 146 75 217 36 161 142 220
61 238 171 164 261 78 86 127 284 19 72 108 28 51 40 99 72 260 26 255 276 82 154 197 86 307 319 120 117 251 257 237 232 199 134 139 227 74 248 353 139 147 284 160 94 62 329 0 212 229 270 299 296 143 245 171 129 50 107 246 36 168 166 64 155 339 182 213 99 180 193 280 155 199 107 184 126 105 42 263 209 259 177 257 241 286 190 193 89 247 50 257 113 110 192 178 229 251 325 101 172 208 243 179 376 224 25 292 337 164 136 72 296 244 110 192 312 167 192 54 280 191 332 282 365 230 219 285
187 26 229 54 187 134 282 215 72 193 140 236 214 161 180 113 248 186 186 59 64 246 72 17 296 95 107 182 117 177 131 33 92 75 114 191 59 220 146 141 197 187 210 96 118 180 117 212 0 121 196 87 84 81 33 43 143 162 105 36 244 208 170 162 75 127 156 139 167 138 119 68 81 107 137 174 86 269 170 165 47 47 147 115 161 96 158 119 123 89 162 183 171 198 146 104 141 61 113 251 74 104 31 111 164 150 187 96 125 52 216 140 84 170 170 176 238 97 52 158 68 155 120 208 153 152 133 211
204 133 246 67 308 151 299 232 143 210 157 253 231 178 197 130 265 307 203 180 97 263 193 104 313 78 112 109 112 298 252 88 29 196 181 90 180 237 267 124 214 204 331 69 135 197 112 229 121 0 317 176 121 190 88 78 100 179 122 85 261 87 63 179 74 110 47 260 130 227 240 185 74 30 154 53 151 286 187 286 168 164 52 28 282 57 237 240 140 210 179 304 188 215 37 225 262 60 134 268 57 21 138 50 147 271 204 217 108 173 233 157 105 291 119 239 359 214 69 175 95 38 187 329 136 273 254 332
209 184 101 250 11 284 184 143 200 265 262 162 242 285 230 221 198 16 296 171 220 188 124 213 184 259 235 378 313 21 173 229 288 121 136 387 143 196 164 269 131 123 26 292 202 208 245 270 196 317 0 215 212 127 229 239 339 294 263 232 234 404 366 206 271 255 352 57 363 90 77 196 277 303 163 370 166 165 266 179 149 175 343 311 157 292 80 77 305 163 298 17 157 160 342 92 145 257 241 169 270 300 179 307 292 66 291 208 253 144 134 336 212 30 366 78 42 103 248 298 222 351 248 128 281 146 135 89
274 61 316 135 226 221 369 302 33 280 227 323 301 248 267 200 335 231 273 44 79 333 145 102 383 118 64 237 182 236 76 88 147 100 201 246 72 307 91 68 284 274 189 151 205 267 64 299 87 176 215 0 55 168 88 128 198 249 192 91 331 263 225 249 144 104 211 164 222 225 154 19 144 162 224 229 173 356 257 110 90 40 202 170 106 151 245 182 210 52 249 232 258 285 201 163 86 116 42 338 129 159 56 166 77 149 274 41 82 135 303 227 71 245 225 263 183 184 107 245 81 210 33 153 66 97 80 156
271 58 313 132 223 218 366 299 22 277 224 320 298 245 264 197 332 228 270 59 24 330 142 99 380 63 23 182 179 233 131 59 92 97 198 191 69 304 146 57 281 271 210 136 202 264 33 296 84 121 212 55 0 165 51 125 167 246 189 50 328 208 170 246 141 49 156 161 197 222 151 64 141 107 221 174 170 353 254 165 87 43 147 115 161 96 242 179 207 89 246 229 255 282 146 160 141 61 29 335 124 104 53 117 80 150 271 96 41 132 300 224 16 242 186 260 238 181 104 242 26 155 66 208 69 152 133 211
106 107 148 123 118 157 201 134 153 138 135 155 133 158 103 94 167 117 169 124 145 165 23 86 215 176 188 251 186 108 126 106 161 68 33 260 96 139 117 222 116 106 141 165 75 99 198 143 81 190 127 168 165 0 114 112 212 167 136 115 163 277 239 81 144 208 225 70 236 57 50 149 150 176 56 243 39 188 139 132 78 128 216 184 110 165 77 50 178 116 171 114 90 117 215 35 98 130 194 170 143 173 112 180 245 81 164 161 206 33 135 209 165 101 239 95 169 24 121 171 149 224 201 139 234 99 88 142
220 45 262 81 220 167 315 248 55 226 173 269 247 194 213 146 281 219 219 92 31 279 105 48 329 62 74 149 128 210 164 8 59 108 147 158 92 253 179 108 230 220 243 85 151 213 84 245 33 88 229 88 51 114 0 74 116 195 138 3 277 175 137 195 90 94 123 172 146 171 152 97 90 74 170 141 119 302 203 198 80 76 114 82 194 63 191 152 156 122 195 216 204 231 113 137 174 28 80 284 73 71 50 78 131 183 220 129 92 85 249 173 51 203 137 209 271 130 53 191 35 122 99 241 120 185 166 244
146 67 188 11 230 93 241 174 113 152 99 195 173 120 139 72 207 229 145 102 105 205 115 26 255 136 148 139 74 220 174 66 61 118 103 148 102 179 189 182 156 146 253 53 77 139 158 171 43 78 239 128 125 112 74 0 100 121 64 75 203 165 127 121 32 168 113 182 124 149 162 109 38 64 96 131 73 228 129 208 90 88 104 86 204 115 159 162 82 132 121 226 130 157 103 147 184 80 154 210 31 61 72 68 205 193 146 139 166 95 175 99 125 213 127 161 281 136 21 117 109 112 161 251 194 195 176 254
130 155 240 89 330 55 199 196 165 110 77 177 131 78 109 118 165 329 103 202 147 163 215 126 213 178 190 39 26 320 274 110 103 218 203 48 202 143 289 224 208 216 353 47 137 131 200 129 143 100 339 198 167 212 116 100 0 79 76 117 161 65 37 133 68 210 53 282 30 249 262 207 62 70 176 55 173 186 87 308 190 186 48 128 304 157 259 262 40 232 79 326 182 179 63 247 284 122 196 170 69 79 160 50 247 293 104 239 208 195 205 57 167 313 27 261 381 236 91 75 151 62 209 351 236 295 276 354
85 188 195 114 285 28 120 151 234 31 32 132 52 9 64 73 96 284 24 205 226 106 170 147 134 257 269 84 67 275 229 187 182 173 158 93 177 98 244 303 163 171 308 110 92 86 279 50 162 179 294 249 246 167 195 121 79 0 57 196 82 118 116 88 105 289 132 237 69 204 217 230 105 149 131 134 128 129 28 263 159 209 127 207 259 236 214 217 39 197 4 281 137 134 142 202 239 201 275 125 122 158 193 129 326 248 25 242 287 150 160 42 246 268 72 216 336 191 142 4 230 141 282 306 315 250 231 309
82 131 164 57 254 29 177 120 177 88 35 131 109 56 75 42 143 253 81 148 169 141 139 90 191 200 212 115 50 244 198 130 125 142 127 124 126 115 213 246 132 140 277 53 61 75 222 107 105 122 263 192 189 136 138 64 76 57 0 139 139 141 103 57 48 232 89 206 100 173 186 173 48 92 100 107 97 164 65 232 114 152 80 150 228 179 183 186 42 156 57 250 106 103 85 171 208 144 218 146 65 101 136 72 269 217 82 185 230 119 129 73 189 237 103 185 305 160 85 53 173 88 225 275 258 219 200 278
221 48 263 82 223 168 316 249 58 227 174 270 248 195 214 147 282 222 220 95 30 280 108 49 330 61 73 146 129 213 167 9 56 111 148 155 95 254 182 107 231 221 246 86 152 214 83 246 36 85 232 91 50 115 3 75 117 196 139 0 278 172 134 196 91 93 120 175 147 172 155 100 91 71 171 138 120 303 204 201 83 79 111 79 197 60 192 155 157 125 196 219 205 232 110 140 177 25 79 285 74 68 53 75 130 186 221 132 91 88 250 174 50 206 136 210 274 131 54 192 34 119 102 244 119 188 169 247
57 270 135 196 225 110 50 91 316 51 104 72 30 83 64 131 36 224 62 287 308 46 186 229 52 339 351 152 149 215 289 269 264 231 130 171 259 38 280 385 103 111 248 192 126 64 361 36 244 261 234 331 328 163 277 203 161 82 139 278 0 200 198 82 187 371 214 177 131 144 177 312 187 231 107 216 158 69 74 295 241 291 209 289 273 318 154 157 121 279 82 221 77 74 224 168 261 283 357 65 204 240 275 211 408 188 57 324 369 196 100 104 328 208 142 156 276 147 224 86 312 223 364 246 397 262 251 249
195 220 305 154 395 120 238 261 230 149 142 242 170 119 174 183 206 394 142 267 184 216 280 191 252 145 199 48 91 385 339 175 116 283 268 29 267 208 354 195 273 281 418 112 202 196 199 168 208 87 404 263 208 277 175 165 65 118 141 172 200 0 38 198 133 171 52 347 69 314 327 272 127 101 241 34 238 239 138 373 255 251 61 93 369 118 324 327 99 297 118 391 247 244 62 312 349 147 221 235 134 104 225 97 222 358 143 304 181 260 270 96 192 378 58 326 446 301 156 114 182 53 274 416 209 360 341 419
157 182 267 116 357 88 236 223 192 147 104 204 168 115 136 145 202 356 140 229 146 200 242 153 250 141 161 46 53 347 301 137 78 245 230 27 229 174 316 187 235 243 380 74 164 158 163 166 170 63 366 225 170 239 137 127 37 116 103 134 198 38 0 160 95 173 16 309 67 276 289 234 89 63 203 18 200 223 124 335 217 213 23 91 331 120 286 289 77 259 116 353 209 206 26 274 311 109 183 205 96 66 187 59 210 320 141 266 171 222 232 94 154 340 56 288 408 263 118 112 144 25 236 378 199 322 303 381
25 188 107 114 197 78 120 63 234 59 56 74 52 79 24 49 86 196 90 205 226 84 104 147 134 257 269 172 107 187 207 187 182 149 70 181 177 58 198 303 75 83 220 110 44 18 279 64 162 179 206 249 246 81 195 121 133 88 57 196 82 198 160 0 105 289 146 149 157 116 129 230 105 149 43 164 76 107 60 213 159 209 137 207 191 236 126 129 99 197 92 193 49 46 142 114 179 201 275 89 122 158 193 129 326 160 85 242 287 114 72 130 246 180 160 128 248 103 142 92 230 145 282 218 315 180 169 221
130 87 172 21 262 77 225 158 129 136 83 179 157 104 123 56 191 261 129 134 121 189 147 58 239 152 164 107 42 252 206 82 77 150 135 116 134 163 221 198 140 148 285 21 69 123 174 155 75 74 271 144 141 144 90 32 68 105 48 91 187 133 95 105 0 184 81 214 92 181 194 139 6 44 108 99 105 212 113 240 122 118 72 102 236 131 191 194 66 164 105 258 114 141 71 179 216 96 170 194 17 53 92 36 221 225 130 171 182 127 159 83 141 245 95 193 313 168 37 101 125 80 177 283 210 227 208 286
314 101 356 175 266 261 409 342 71 320 267 363 341 288 307 240 375 271 313 108 63 373 185 142 423 32 40 219 222 276 180 102 107 140 241 200 112 347 195 36 324 314 259 179 245 307 40 339 127 110 255 104 49 208 94 168 210 289 232 93 371 171 173 289 184 0 157 204 240 265 194 113 184 140 264 155 213 396 297 214 130 92 162 82 210 53 285 222 250 138 289 272 298 325 147 203 190 88 62 378 167 131 96 160 63 199 314 145 22 175 343 267 43 285 229 303 287 224 147 285 59 148 115 257 50 201 182 260
157 168 253 102 343 104 252 209 178 163 110 206 184 131 150 131 218 342 156 215 132 216 228 139 266 125 147 62 65 333 287 123 64 231 216 43 215 190 302 171 221 229 366 60 150 150 147 182 156 47 352 211 156 225 123 113 53 132 89 120 214 52 16 146 81 157 0 295 83 262 275 220 75 49 189 18 186 239 140 321 203 199 9 75 317 104 272 275 93 245 132 339 195 192 10 260 297 95 169 221 82 52 173 45 194 306 157 252 155 208 218 110 140 326 72 274 394 249 104 128 130 9 222 364 183 308 289 367
152 127 152 193 62 227 205 138 149 208 205 159 185 228 173 164 171 67 239 120 163 169 67 156 219 202 184 321 256 72 122 172 231 64 79 330 92 143 113 218 120 110 71 235 145 151 194 213 139 260 57 164 161 70 172 182 282 237 206 175 177 347 309 149 214 204 295 0 306 61 20 145 220 246 106 313 109 192 209 128 92 124 286 254 106 235 81 20 248 112 241 68 100 121 285 35 94 200 190 174 213 243 122 250 241 15 234 157 202 87 139 279 161 81 309 99 99 46 191 241 165 294 197 77 230 95 84 72
154 179 264 113 354 79 179 220 189 98 101 201 121 78 133 142 165 353 73 226 177 175 239 150 183 208 220 21 50 344 298 138 133 242 227 40 226 167 313 254 232 240 377 71 161 155 230 99 167 130 363 222 197 236 146 124 30 69 100 147 131 69 67 157 92 240 83 306 0 273 286 231 86 100 200 85 197 198 97 332 214 210 78 158 328 187 283 286 58 256 65 350 206 203 93 271 308 152 226 194 93 109 184 80 277 317 74 263 238 219 229 27 197 337 11 285 405 260 115 65 181 92 233 375 266 319 300 378
119 164 91 160 81 194 144 77 210 175 172 98 152 195 140 131 110 80 206 181 202 108 80 123 158 233 245 288 223 71 183 163 198 125 46 297 153 106 174 279 59 49 104 202 112 118 255 180 138 227 90 225 222 57 171 149 249 204 173 172 144 314 276 116 181 265 262 61 273 0 71 206 187 213 73 280 76 131 176 189 135 185 253 221 167 212 20 43 215 173 208 77 67 70 252 62 155 177 251 113 180 210 169 217 302 76 201 218 263 90 78 246 222 64 276 38 132 41 158 208 206 261 258 138 291 156 145 105
132 107 162 173 72 207 215 148 139 188 185 169 165 208 153 144 181 77 219 110 143 179 47 136 229 182 174 301 236 82 112 152 211 54 59 310 82 153 103 208 130 120 91 215 125 131 184 193 119 240 77 154 151 50 152 162 262 217 186 155 177 327 289 129 194 194 275 20 286 71 0 135 200 226 86 293 89 202 189 118 72 114 266 234 96 215 91 28 228 102 221 78 104 131 265 15 84 180 180 184 193 223 102 230 231 31 214 147 192 67 149 259 151 91 289 109 119 30 171 221 145 274 187 89 220 85 74 92
255 52 297 118 207 202 350 283 42 261 208 304 282 229 248 181 316 212 254 25 88 314 126 83 364 127 73 246 181 217 67 97 156 81 182 255 53 288 82 77 265 255 170 160 186 248 73 280 68 185 196 19 64 149 97 109 207 230 173 100 312 272 234 230 139 113 220 145 231 206 135 0 145 171 205 238 154 337 238 101 71 21 211 179 97 160 226 163 191 33 230 213 239 266 210 144 77 125 51 319 138 168 47 175 96 130 255 32 91 116 284 208 80 226 234 244 174 165 116 226 90 219 52 144 85 88 69 147
130 93 178 27 268 77 225 158 129 136 83 179 157 104 123 56 191 267 129 140 121 189 153 64 239 152 164 101 38 258 212 82 77 156 141 110 140 163 227 198 146 154 291 15 75 123 174 155 81 74 277 144 141 150 90 38 62 105 48 91 187 127 89 105 6 184 75 220 86 187 200 145 0 44 114 93 111 212 113 246 128 124 66 102 242 131 197 200 66 170 105 264 120 141 65 185 222 96 170 194 17 53 98 30 221 231 130 177 182 133 159 83 141 251 89 199 319 174 37 101 125 74 177 289 210 233 214 292
174 119 216 53 294 121 269 202 129 180 127 223 201 148 167 100 235 293 173 166 83 233 179 90 283 108 120 79 82 284 238 74 33 182 167 84 166 207 253 154 184 180 317 39 105 167 130 199 107 30 303 162 107 176 74 64 70 149 92 71 231 101 63 149 44 140 49 246 100 213 226 171 44 0 140 67 137 256 157 272 154 150 40 58 268 87 223 226 110 196 149 290 158 185 39 211 248 52 126 238 33 9 124 20 177 257 174 203 138 159 203 127 97 277 89 225 345 200 55 145 81 48 173 315 166 259 240 318
50 163 92 89 154 121 145 78 209 102 99 99 79 122 67 58 111 153 133 180 201 109 79 122 159 232 244 215 150 144 182 162 157 124 27 224 152 83 173 278 60 50 177 129 39 45 254 107 137 154 163 224 221 56 170 96 176 131 100 171 107 241 203 43 108 264 189 106 200 73 86 205 114 140 0 207 51 132 103 188 134 184 180 182 166 211 83 86 142 172 135 150 34 61 179 71 154 176 250 114 107 137 168 144 301 117 128 217 262 89 79 173 221 137 203 85 205 60 117 135 205 188 257 175 290 155 144 178
161 186 271 120 361 106 254 227 196 165 112 208 186 133 152 149 220 360 158 233 150 218 246 157 268 123 165 64 67 351 305 141 82 249 234 45 233 192 320 169 239 247 384 78 168 162 165 184 174 53 370 229 174 243 141 131 55 134 107 138 216 34 18 164 99 155 18 313 85 280 293 238 93 67 207 0 204 241 142 339 221 217 27 73 335 102 290 293 95 263 134 357 213 210 28 278 315 113 187 223 100 70 191 63 192 324 159 270 153 226 236 112 158 344 74 292 412 267 122 130 148 19 240 382 181 326 307 385
101 112 143 84 157 118 196 129 158 107 96 150 128 119 94 55 162 156 130 129 150 160 42 71 210 181 193 212 147 147 131 111 122 73 30 221 101 134 122 227 111 101 180 126 36 94 203 126 86 151 166 173 170 39 119 73 173 128 97 120 158 238 200 76 105 213 186 109 197 76 89 154 111 137 51 204 0 183 100 137 83 133 177 145 131 160 86 89 139 121 132 153 85 112 176 74 111 125 199 165 104 134 117 141 250 120 125 166 211 38 130 170 170 140 200 90 208 63 82 132 154 185 206 178 239 122 103 181
82 295 66 221 156 135 19 54 341 100 129 33 77 120 89 156 33 155 131 312 333 23 211 254 27 364 376 213 174 146 314 294 289 256 155 222 284 49 305 410 72 82 179 217 151 89 386 105 269 286 165 356 353 188 302 228 186 129 164 303 69 239 223 107 212 396 239 192 198 131 202 337 212 256 132 241 183 0 101 320 266 316 234 314 298 343 111 174 146 304 133 152 98 71 249 193 286 308 382 18 229 265 300 236 433 207 126 349 394 221 53 171 353 139 201 93 207 172 249 133 337 248 389 269 422 287 276 230
57 196 167 122 257 36 112 123 242 23 30 104 44 19 36 57 78 256 30 213 234 78 142 155 126 265 277 112 75 247 215 195 190 157 130 121 185 70 216 311 135 143 280 118 64 58 287 42 170 187 266 257 254 139 203 129 87 28 65 204 74 138 124 60 113 297 140 209 97 176 189 238 113 157 103 142 100 101 0 235 167 217 135 215 231 244 186 189 47 205 32 253 109 106 150 174 211 209 283 97 130 166 201 137 334 220 25 250 295 122 132 70 254 240 100 188 308 163 150 32 238 149 290 278 323 222 203 281
238 153 280 219 190 253 333 266 143 244 231 287 265 254 231 190 299 195 265 106 189 297 109 182 347 228 174 347 282 200 34 198 257 90 165 356 106 271 19 178 248 238 153 261 171 231 174 263 165 286 179 110 165 132 198 208 308 263 232 201 295 373 335 213 240 214 321 128 332 189 118 101 246 272 188 339 137 320 235 0 118 122 312 280 22 261 209 146 274 76 267 196 222 249 311 127 34 226 152 302 239 269 148 276 151 113 260 69 192 113 267 305 181 209 335 227 141 148 217 267 191 320 99 51 164 33 44 90
184 35 226 101 140 135 279 212 75 190 137 233 211 158 177 110 245 141 183 46 71 243 55 64 293 110 110 229 164 146 84 80 139 28 111 238 18 217 99 144 194 184 163 143 115 177 120 209 47 168 149 90 87 78 80 90 190 159 114 83 241 255 217 159 122 130 203 92 214 135 72 71 128 154 134 221 83 266 167 118 0 50 194 162 114 143 155 92 156 42 159 142 168 195 193 73 94 108 116 248 121 151 34 158 167 103 184 83 128 45 213 187 87 155 217 173 191 94 99 155 73 202 123 161 156 105 86 164
234 31 276 97 186 181 329 262 25 240 187 283 261 208 227 160 295 191 233 16 67 293 105 62 343 106 60 225 160 196 88 76 135 60 161 234 32 267 103 94 244 234 167 139 165 227 70 259 47 164 175 40 43 128 76 88 186 209 152 79 291 251 213 209 118 92 199 124 210 185 114 21 124 150 184 217 133 316 217 122 50 0 190 158 118 139 205 142 170 46 209 192 218 245 189 123 98 104 66 298 117 147 26 154 117 109 234 53 78 95 263 187 59 205 213 223 195 144 95 205 69 198 73 165 106 109 90 168
152 159 244 93 334 99 247 200 169 158 105 201 179 126 145 122 213 333 151 206 123 211 219 130 261 130 142 57 60 324 278 114 55 222 207 44 206 185 293 176 212 220 357 51 141 145 152 177 147 52 343 202 147 216 114 104 48 127 80 111 209 61 23 137 72 162 9 286 78 253 266 211 66 40 180 27 177 234 135 312 194 190 0 80 308 109 263 266 88 236 127 330 186 183 15 251 288 86 160 216 73 43 164 36 199 297 152 243 160 199 209 105 131 317 67 265 385 240 95 123 121 14 213 355 188 299 280 358
232 127 274 93 302 179 327 260 137 238 185 281 259 206 225 158 293 301 231 174 91 291 187 98 341 52 106 137 140 292 246 82 25 190 175 118 174 265 261 102 242 232 325 97 163 225 106 257 115 28 311 170 115 184 82 86 128 207 150 79 289 93 91 207 102 82 75 254 158 221 234 179 102 58 182 73 145 314 215 280 162 158 80 0 276 29 231 234 168 204 207 298 216 243 65 219 256 54 128 296 85 49 132 78 129 265 232 211 88 167 261 185 99 285 147 233 353 208 65 203 89 66 181 323 116 267 248 326
216 149 258 215 168 249 311 244 139 230 227 265 243 250 209 186 277 173 261 102 185 275 89 178 325 224 170 343 278 178 30 194 253 86 143 352 102 249 15 174 226 216 131 257 167 209 170 241 161 282 157 106 161 110 194 204 304 259 228 197 273 369 331 191 236 210 317 106 328 167 96 97 242 268 166 335 131 298 231 22 114 118 308 276 0 257 187 124 270 72 263 174 200 227 307 105 20 222 148 280 235 265 144 272 147 91 256 65 188 109 245 301 177 187 331 205 119 126 213 263 187 316 95 47 160 11 28 68
261 108 303 122 283 208 356 289 118 267 214 310 288 235 254 187 322 282 260 155 72 320 168 89 370 33 87 166 169 273 227 63 54 171 188 147 155 294 242 83 271 261 306 126 192 254 87 286 96 57 292 151 96 165 63 115 157 236 179 60 318 118 120 236 131 53 104 235 187 212 215 160 131 87 211 102 160 343 244 261 143 139 109 29 257 0 232 215 197 185 236 279 245 272 94 200 237 35 109 325 114 78 113 107 110 246 261 192 69 148 290 214 80 266 176 250 334 189 94 232 70 95 162 304 97 248 229 307
129 184 71 170 71 204 124 63 230 185 182 82 162 205 150 141 118 70 216 201 222 108 100 143 138 253 265 298 233 61 203 183 208 145 56 307 173 116 194 299 51 43 94 212 122 128 275 190 158 237 80 245 242 77 191 159 259 214 183 192 154 324 286 126 191 285 272 81 283 20 91 226 197 223 83 290 86 111 186 209 155 205 263 231 187 232 0 63 225 193 218 67 77 80 262 82 175 197 271 93 190 220 189 227 322 96 211 238 283 110 58 256 242 54 286 18 122 61 168 218 226 271 278 158 311 176 165 119
132 121 134 173 68 207 187 120 167 188 185 141 165 208 153 144 153 67 219 138 159 151 47 136 201 190 202 301 236 58 140 152 211 82 59 310 110 125 131 236 102 92 91 215 125 131 212 193 119 240 77 182 179 50 152 162 262 217 186 155 157 327 289 129 194 222 275 20 286 43 28 163 200 226 86 293 89 174 189 146 92 142 266 234 124 215 63 0 228 130 221 64 80 103 265 19 112 180 208 156 193 223 126 230 259 33 214 175 220 67 121 259 179 63 289 81 119 26 171 221 163 274 215 95 248 113 102 92
96 149 206 75 296 21 159 162 195 70 43 143 91 38 75 84 125 295 63 168 187 123 181 108 173 218 230 73 28 286 240 148 143 184 169 82 168 109 255 264 174 182 319 71 103 97 240 89 123 140 305 210 207 178 156 82 40 39 42 157 121 99 77 99 66 250 93 248 58 215 228 191 66 110 142 95 139 146 47 274 156 170 88 168 270 197 225 228 0 198 39 292 148 145 103 213 250 162 236 136 83 119 154 90 287 259 64 205 248 161 171 31 207 279 61 227 347 202 103 35 191 102 243 317 276 261 242 320
222 77 264 143 174 177 317 250 67 228 175 271 249 196 215 148 283 179 221 30 113 281 93 106 331 152 98 271 206 184 42 122 181 48 149 280 30 255 57 106 232 222 137 185 153 215 98 247 89 210 163 52 89 116 122 132 232 197 156 125 279 297 259 197 164 138 245 112 256 173 102 33 170 196 172 263 121 304 205 76 42 46 236 204 72 185 193 130 198 0 197 180 206 233 235 111 52 150 78 286 163 193 72 200 129 97 222 45 116 83 251 229 105 193 259 211 149 132 141 193 115 244 85 119 118 63 44 122
89 188 199 114 289 28 120 155 234 33 36 136 56 13 68 77 100 288 24 205 226 110 174 147 134 257 269 80 67 279 233 187 182 177 162 89 177 102 248 303 167 175 312 110 96 90 279 50 162 179 298 249 246 171 195 121 79 4 57 196 82 118 116 92 105 289 132 241 65 208 221 230 105 149 135 134 132 133 32 267 159 209 127 207 263 236 218 221 39 197 0 285 141 138 142 206 243 201 275 129 122 158 193 129 326 252 25 242 287 154 164 38 246 272 68 220 340 195 142 4 230 141 282 310 315 254 235 313
196 171 86 237 6 271 171 130 217 252 249 149 229 272 217 208 185 3 283 188 209 175 111 200 171 246 252 365 300 6 190 216 275 132 123 374 160 183 181 286 118 110 43 279 189 195 262 257 183 304 17 232 229 114 216 226 326 281 250 219 221 391 353 193 258 272 339 68 350 77 78 213 264 290 150 357 153 152 253 196 142 192 330 298 174 279 67 64 292 180 285 0 144 147 329 79 162 244 258 156 257 287 176 294 309 83 278 225 270 131 121 323 229 13 353 65 55 90 235 285 213 338 265 145 298 163 152 106
52 197 58 123 148 127 111 44 243 108 105 65 85 128 73 64 77 147 139 214 235 75 113 156 125 266 278 221 156 138 216 196 191 158 57 230 186 49 207 312 26 34 171 135 53 51 288 113 171 188 157 258 255 90 204 130 182 137 106 205 77 247 209 49 114 298 195 100 206 67 104 239 120 158 34 213 85 98 109 222 168 218 186 216 200 245 77 80 148 206 141 144 0 27 185 95 188 210 284 80 131 167 202 150 335 111 134 251 296 123 45 179 255 131 209 79 199 74 151 141 239 194 291 171 324 189 178 172
49 224 61 150 151 124 84 17 270 105 102 38 82 125 70 85 50 150 136 241 262 48 140 183 98 293 305 218 153 141 243 223 218 185 84 227 213 36 234 339 29 37 174 146 80 48 315 110 198 215 160 285 282 117 231 157 179 134 103 232 74 244 206 46 141 325 192 121 203 70 131 266 141 185 61 210 112 71 106 249 195 245 183 243 227 272 80 103 145 233 138 147 27 0 182 122 215 237 311 53 158 194 229 165 362 136 131 278 323 150 26 176 282 134 206 82 202 101 178 138 266 191 318 198 351 216 205 175
167 158 243 92 333 114 262 199 168 173 120 216 194 141 160 121 228 332 166 205 122 226 218 129 276 115 137 72 75 323 277 113 54 221 206 53 205 200 292 161 211 219 356 50 140 160 137 192 146 37 342 201 146 215 113 103 63 142 85 110 224 62 26 142 71 147 10 285 93 252 265 210 65 39 179 28 176 249 150 311 193 189 15 65 307 94 262 265 103 235 142 329 185 182 0 250 287 85 159 231 72 42 163 35 184 296 167 242 145 198 208 120 130 316 82 264 384 239 94 138 120 9 212 354 173 298 279 357
117 102 153 158 83 192 206 139 148 173 170 160 150 193 138 129 172 82 204 119 140 170 32 121 220 171 183 286 221 73 121 137 196 63 44 295 91 144 112 217 121 111 106 200 110 116 193 178 104 225 92 163 160 35 137 147 247 202 171 140 168 312 274 114 179 203 260 35 271 62 15 144 185 211 71 278 74 193 174 127 73 123 251 219 105 200 82 19 213 111 206 79 95 122 250 0 93 165 189 175 178 208 107 215 240 46 199 156 201 52 140 244 160 82 274 100 134 21 156 206 144 259 196 104 229 94 83 107
204 129 246 195 156 229 299 232 119 210 207 253 231 230 197 166 265 161 241 82 165 263 75 158 313 204 150 323 258 166 28 174 233 66 131 332 82 237 19 154 214 204 119 237 147 197 150 229 141 262 145 86 141 98 174 184 284 239 208 177 261 349 311 179 216 190 297 94 308 155 84 77 222 248 154 315 111 286 211 34 94 98 288 256 20 237 175 112 250 52 243 162 188 215 287 93 0 202 128 268 215 245 124 252 147 79 236 63 168 89 233 281 157 175 311 193 107 114 193 243 167 296 103 67 140 11 10 70
226 73 268 87 248 173 321 254 83 232 179 275 253 200 219 152 287 247 225 120 37 285 133 54 335 56 68 131 134 238 192 28 31 136 153 130 120 259 207 102 236 226 271 91 157 219 78 251 61 60 257 116 61 130 28 80 122 201 144 25 283 147 109 201 96 88 95 200 152 177 180 125 96 52 176 113 125 308 209 226 108 104 86 54 222 35 197 180 162 150 201 244 210 237 85 165 202 0 74 290 79 43 78 72 125 211 226 157 86 113 255 179 45 231 141 215 299 154 59 197 35 94 127 269 114 213 194 272
300 87 342 161 252 247 395 328 41 306 253 349 327 274 293 226 361 257 299 70 49 359 171 128 409 76 22 205 208 262 118 88 105 126 227 204 98 333 133 28 310 300 215 165 231 293 22 325 113 134 241 42 29 194 80 154 196 275 218 79 357 221 183 275 170 62 169 190 226 251 180 51 170 126 250 187 199 382 283 152 116 66 160 128 148 109 271 208 236 78 275 258 284 311 159 189 128 74 0 364 153 117 82 146 51 175 300 83 40 161 329 253 29 271 215 289 225 210 133 271 45 168 53 195 40 139 120 198
64 277 70 203 160 117 31 36 323 96 111 15 73 116 71 138 29 159 127 294 315 19 193 236 45 346 358 209 156 150 296 276 271 238 137 218 266 31 287 392 54 64 183 199 133 71 368 101 251 268 169 338 335 170 284 210 170 125 146 285 65 235 205 89 194 378 221 174 194 113 184 319 194 238 114 223 165 18 97 302 248 298 216 296 280 325 93 156 136 286 129 156 80 53 231 175 268 290 364 0 211 247 282 218 415 189 122 331 376 203 35 167 335 143 197 91 211 154 231 129 319 230 371 251 404 269 258 212
147 86 189 20 261 94 242 175 112 153 100 196 174 121 140 73 208 260 146 133 104 206 146 57 256 135 147 108 55 251 205 65 60 149 134 117 133 180 220 181 157 147 284 22 78 140 157 172 74 57 270 129 124 143 73 31 69 122 65 74 204 134 96 122 17 167 82 213 93 180 193 138 17 33 107 100 104 229 130 239 121 117 73 85 235 114 190 193 83 163 122 257 131 158 72 178 215 79 153 211 0 36 91 37 204 224 147 170 165 126 176 100 124 244 96 192 312 167 22 118 108 81 160 282 193 226 207 285
183 116 225 50 291 130 278 211 126 189 136 232 210 157 176 109 244 290 182 163 80 242 176 87 292 99 111 88 91 281 235 71 24 179 164 87 163 216 250 145 193 183 314 48 114 176 121 208 104 21 300 159 104 173 71 61 79 158 101 68 240 104 66 158 53 131 52 243 109 210 223 168 53 9 137 70 134 265 166 269 151 147 43 49 265 78 220 223 119 193 158 287 167 194 42 208 245 43 117 247 36 0 121 29 168 254 183 200 129 156 212 136 88 274 98 222 342 197 52 154 78 51 170 312 157 256 237 315
218 5 260 79 170 165 313 246 41 224 171 267 245 192 211 144 279 175 217 42 41 277 89 46 327 80 76 199 134 180 114 50 109 58 145 208 42 251 129 110 228 218 193 113 149 211 86 243 31 138 179 56 53 112 50 72 160 193 136 53 275 225 187 193 92 96 173 122 184 169 102 47 98 124 168 191 117 300 201 148 34 26 164 132 144 113 189 126 154 72 193 176 202 229 163 107 124 78 82 282 91 121 0 128 133 133 218 79 94 79 247 171 53 189 187 207 221 128 69 189 43 172 89 191 122 135 116 194
154 123 208 57 298 101 249 182 133 160 107 203 181 128 147 86 215 297 153 170 97 213 183 94 263 128 140 71 62 288 242 78 53 186 171 80 170 187 257 174 176 184 321 19 105 147 150 179 111 50 307 166 117 180 78 68 50 129 72 75 211 97 59 129 36 160 45 250 80 217 230 175 30 20 144 63 141 236 137 276 158 154 36 78 272 107 227 230 90 200 129 294 150 165 35 215 252 72 146 218 37 29 128 0 197 261 154 207 158 163 183 107 117 281 69 229 349 204 59 125 101 44 177 319 186 263 244 322
351 138 393 212 303 298 446 379 92 357 304 400 378 325 344 277 412 308 350 121 100 410 222 179 460 77 57 256 259 313 119 139 144 177 278 237 149 384 132 27 361 351 266 216 282 344 47 376 164 147 292 77 80 245 131 205 247 326 269 130 408 222 210 326 221 63 194 241 277 302 231 96 221 177 301 192 250 433 334 151 167 117 199 129 147 110 322 259 287 129 326 309 335 362 184 240 147 125 51 415 204 168 133 197 0 226 351 84 41 212 380 304 80 322 266 340 254 261 184 322 96 185 52 194 13 146 157 203
163 138 167 204 77 238 220 153 134 219 216 174 196 239 184 175 186 82 250 105 174 184 78 167 234 213 169 332 267 87 107 183 242 75 90 341 91 158 98 203 135 125 60 246 156 162 179 224 150 271 66 149 150 81 183 193 293 248 217 186 188 358 320 160 225 199 306 15 317 76 31 130 231 257 117 324 120 207 220 113 103 109 297 265 91 246 96 33 259 97 252 83 111 136 296 46 79 211 175 189 224 254 133 261 226 0 245 142 187 98 154 290 166 96 320 114 88 57 202 252 176 305 182 62 215 80 69 61
82 213 192 139 282 53 107 148 259 26 47 129 49 26 61 74 93 281 5 230 251 103 167 172 109 282 294 95 92 272 232 212 207 174 155 114 202 95 241 328 160 168 305 135 89 83 304 25 187 204 291 274 271 164 220 146 104 25 82 221 57 143 141 85 130 314 157 234 74 201 214 255 130 174 128 159 125 126 25 260 184 234 152 232 256 261 211 214 64 222 25 278 134 131 167 199 236 226 300 122 147 183 218 154 351 245 0 267 312 147 157 47 271 265 85 213 333 188 167 29 255 166 307 303 340 247 228 306
267 84 309 150 219 214 362 295 74 273 220 316 294 241 260 193 328 224 266 37 120 326 138 113 376 159 105 278 213 229 35 129 188 93 194 287 65 300 50 109 277 267 182 192 198 260 105 292 96 217 208 41 96 161 129 139 239 242 185 132 324 304 266 242 171 145 252 157 263 218 147 32 177 203 217 270 166 349 250 69 83 53 243 211 65 192 238 175 205 45 242 225 251 278 242 156 63 157 83 331 170 200 79 207 84 142 267 0 123 128 296 236 112 238 266 256 170 177 148 238 122 251 40 112 95 62 73 119
312 99 354 173 264 259 407 340 53 318 265 361 339 286 305 238 373 269 311 86 61 371 183 140 421 36 18 217 220 274 158 100 105 138 239 198 110 345 173 16 322 312 237 177 243 305 18 337 125 108 253 82 41 206 92 166 208 287 230 91 369 181 171 287 182 22 155 202 238 263 192 91 182 138 262 153 211 394 295 192 128 78 160 88 188 69 283 220 248 116 287 270 296 323 145 201 168 86 40 376 165 129 94 158 41 187 312 123 0 173 341 265 41 283 227 301 265 222 145 283 57 146 93 235 28 179 160 238
139 74 181 106 135 140 234 167 120 145 118 188 166 141 132 77 200 134 152 91 112 198 20 69 248 143 155 234 169 125 93 85 144 35 66 243 63 172 94 189 149 139 158 148 70 132 165 164 52 173 144 135 132 33 85 95 195 150 119 88 196 260 222 114 127 175 208 87 219 90 67 116 133 159 89 226 38 221 122 113 45 95 199 167 109 148 110 67 161 83 154 131 123 150 198 52 89 113 161 203 126 156 79 163 212 98 147 128 173 0 168 192 132 118 222 128 186 49 104 154 116 207 168 156 201 100 81 159
75 242 35 168 125 150 66 9 288 131 128 28 108 151 96 103 64 124 162 259 280 54 158 201 80 311 323 244 179 115 261 241 236 203 102 253 231 62 252 357 19 29 148 164 98 74 333 136 216 233 134 303 300 135 249 175 205 160 129 250 100 270 232 72 159 343 218 139 229 78 149 284 159 203 79 236 130 53 132 267 213 263 209 261 245 290 58 121 171 251 164 121 45 26 208 140 233 255 329 35 176 212 247 183 380 154 157 296 341 168 0 202 300 108 232 56 176 119 196 164 284 217 336 216 369 234 223 177
127 166 237 92 327 52 152 193 212 71 74 174 94 51 106 115 138 326 46 199 204 148 212 125 156 235 247 48 45 317 271 165 160 215 200 67 199 140 286 281 205 213 350 88 134 128 257 72 140 157 336 227 224 209 173 99 57 42 73 174 104 96 94 130 83 267 110 279 27 246 259 208 83 127 173 112 170 171 70 305 187 187 105 185 301 214 256 259 31 229 38 323 179 176 120 244 281 179 253 167 100 136 171 107 304 290 47 236 265 192 202 0 224 310 38 258 378 233 120 38 208 119 260 348 293 292 273 351
271 58 313 132 223 218 366 299 38 277 224 320 298 245 264 197 332 228 270 75 20 330 142 99 380 47 23 176 179 233 147 59 76 97 198 175 75 304 162 57 281 271 226 136 202 264 33 296 84 105 212 71 16 165 51 125 167 246 189 50 328 192 154 246 141 43 140 161 197 222 151 80 141 97 221 158 170 353 254 181 87 59 131 99 177 80 242 179 207 105 246 229 255 282 130 160 157 45 29 335 124 88 53 117 80 166 271 112 41 132 300 224 0 242 186 260 254 181 104 242 16 139 82 224 69 168 149 227
183 184 73 224 19 258 158 117 230 239 236 136 216 259 204 195 172 16 270 201 222 162 100 187 158 253 265 352 287 9 203 203 262 145 110 361 173 170 194 299 105 97 56 266 176 182 275 244 170 291 30 245 242 101 203 213 313 268 237 206 208 378 340 180 245 285 326 81 337 64 91 226 251 277 137 344 140 139 240 209 155 205 317 285 187 266 54 63 279 193 272 13 131 134 316 82 175 231 271 143 244 274 189 281 322 96 265 238 283 118 108 310 242 0 340 52 68 77 222 272 226 325 278 158 311 176 165 119
157 182 267 116 357 82 182 223 192 101 104 204 124 81 136 145 168 356 84 229 166 178 242 153 194 197 209 12 53 347 301 137 122 245 230 29 229 170 316 243 235 243 380 74 164 158 219 110 170 119 366 225 186 239 137 127 27 72 103 136 142 58 56 160 95 229 72 309 11 276 289 234 89 89 203 74 200 201 100 335 217 213 67 147 331 176 286 289 61 259 68 353 209 206 82 274 311 141 215 197 96 98 187 69 266 320 85 266 227 222 232 38 186 340 0 288 408 263 118 68 170 81 236 378 255 322 303 381
131 202 53 172 69 206 106 65 248 187 184 84 164 207 152 143 120 68 218 219 240 110 118 161 120 271 283 300 235 59 221 201 210 163 62 309 191 118 212 317 53 45 92 214 124 130 293 192 176 239 78 263 260 95 209 161 261 216 185 210 156 326 288 128 193 303 274 99 285 38 109 244 199 225 85 292 90 93 188 227 173 223 265 233 205 250 18 81 227 211 220 65 79 82 264 100 193 215 289 91 192 222 207 229 340 114 213 256 301 128 56 258 260 52 288 0 120 79 170 220 244 273 296 176 329 194 183 137
251 226 141 292 51 326 226 185 216 307 304 204 284 327 272 263 240 54 338 179 262 230 166 255 226 301 247 420 355 61 135 271 330 163 178 429 179 238 126 251 173 165 28 334 244 250 247 312 238 359 42 183 238 169 271 281 381 336 305 274 276 446 408 248 313 287 394 99 405 132 119 174 319 345 205 412 208 207 308 141 191 195 385 353 119 334 122 119 347 149 340 55 199 202 384 134 107 299 225 211 312 342 221 349 254 88 333 170 265 186 176 378 254 68 408 120 0 145 290 340 264 393 210 90 243 108 105 51
106 123 132 147 94 181 185 118 169 162 159 139 139 182 127 118 151 93 193 140 161 149 39 110 199 192 204 275 210 84 142 126 185 84 33 284 112 123 133 238 100 90 117 189 99 105 214 167 97 214 103 184 181 24 130 136 236 191 160 131 147 301 263 103 168 224 249 46 260 41 30 165 174 200 60 267 63 172 163 148 94 144 240 208 126 189 61 26 202 132 195 90 74 101 239 21 114 154 210 154 167 197 128 204 261 57 188 177 222 49 119 233 181 77 263 79 145 0 145 195 165 248 217 115 250 115 104 118
167 64 209 28 239 114 262 195 92 173 120 216 194 141 160 93 228 238 166 111 84 226 124 35 276 115 127 130 75 229 183 45 40 127 112 139 111 200 198 161 177 167 262 44 98 160 137 192 52 69 248 107 104 121 53 21 91 142 85 54 224 156 118 142 37 147 104 191 115 158 171 116 37 55 117 122 82 249 150 217 99 95 95 65 213 94 168 171 103 141 142 235 151 178 94 156 193 59 133 231 22 52 69 59 184 202 167 148 145 104 196 120 104 222 118 170 290 145 0 138 88 103 140 260 173 204 185 263
89 184 199 110 289 24 124 155 230 35 36 136 56 13 68 77 100 288 28 201 222 110 174 143 138 253 265 80 63 279 233 183 178 177 162 89 173 102 248 299 167 175 312 106 96 90 275 54 158 175 298 245 242 171 191 117 75 4 53 192 86 114 112 92 101 285 128 241 65 208 221 226 101 145 135 130 132 133 32 267 155 205 123 203 263 232 218 221 35 193 4 285 141 138 138 206 243 197 271 129 118 154 189 125 322 252 29 238 283 154 164 38 242 272 68 220 340 195 138 0 226 137 278 310 311 254 235 313
255 42 297 116 213 202 350 283 48 261 208 304 282 229 248 181 316 212 254 85 4 314 126 83 364 37 39 160 163 217 157 43 66 101 182 165 85 288 172 73 265 255 236 120 186 248 49 280 68 95 222 81 26 149 35 109 151 230 173 34 312 182 144 230 125 59 130 165 181 206 145 90 125 81 205 148 154 337 238 191 73 69 121 89 187 70 226 163 191 115 230 213 239 266 120 144 167 35 45 319 108 78 43 101 96 176 255 122 57 116 284 208 16 226 170 244 264 165 88 226 0 129 92 234 85 178 159 237
166 167 252 101 342 113 261 208 177 172 119 215 193 140 159 130 227 341 165 214 131 225 227 138 275 116 146 71 74 332 286 122 63 230 215 52 214 199 301 162 220 228 365 59 149 159 146 191 155 38 351 210 155 224 122 112 62 141 88 119 223 53 25 145 80 148 9 294 92 261 274 219 74 48 188 19 185 248 149 320 202 198 14 66 316 95 271 274 102 244 141 338 194 191 9 259 296 94 168 230 81 51 172 44 185 305 166 251 146 207 217 119 139 325 81 273 393 248 103 137 129 0 221 363 174 307 288 366
307 94 349 168 259 254 402 335 48 313 260 356 334 281 300 233 368 264 306 77 90 366 178 135 416 129 75 248 215 269 75 99 158 133 234 257 105 340 84 79 317 307 222 172 238 300 75 332 120 187 248 33 66 201 99 161 209 282 225 102 364 274 236 282 177 115 222 197 233 258 187 52 177 173 257 240 206 389 290 99 123 73 213 181 95 162 278 215 243 85 282 265 291 318 212 196 103 127 53 371 160 170 89 177 52 182 307 40 93 168 336 260 82 278 236 296 210 217 140 278 92 221 0 142 65 102 113 159
221 196 229 262 139 296 282 215 186 277 274 236 254 297 242 233 248 144 308 149 232 246 136 225 296 271 217 390 325 149 77 241 300 133 148 399 149 220 62 221 197 187 102 304 214 220 217 282 208 329 128 153 208 139 241 251 351 306 275 244 246 416 378 218 283 257 364 77 375 138 89 144 289 315 175 382 178 269 278 51 161 165 355 323 47 304 158 95 317 119 310 145 171 198 354 104 67 269 195 251 282 312 191 319 194 62 303 112 235 156 216 348 224 158 378 176 90 115 260 310 234 363 142 0 207 56 75 39
340 127 382 201 292 287 435 368 81 346 293 389 367 314 333 266 401 297 339 110 89 399 211 168 449 64 46 245 248 302 130 128 133 166 267 226 138 373 145 14 350 340 255 205 271 333 36 365 153 136 281 66 69 234 120 194 236 315 258 119 397 209 199 315 210 50 183 230 266 291 220 85 210 166 290 181 239 422 323 164 156 106 188 116 160 97 311 248 276 118 315 298 324 351 173 229 140 114 40 404 193 157 122 186 13 215 340 95 28 201 369 293 69 311 255 329 243 250 173 311 85 174 65 207 0 151 146 210
205 140 247 206 157 240 300 233 130 221 218 254 232 241 198 177 266 162 252 93 176 264 80 169 314 215 161 334 269 167 27 185 244 77 132 343 93 238 18 165 215 205 120 248 158 198 161 230 152 273 146 97 152 99 185 195 295 250 219 188 262 360 322 180 227 201 308 95 319 156 85 88 233 259 155 326 122 287 222 33 105 109 299 267 11 248 176 113 261 63 254 163 189 216 298 94 11 213 139 269 226 256 135 263 146 80 247 62 179 100 234 292 168 176 322 194 108 115 204 254 178 307 102 56 151 0 19 59
194 121 236 187 146 221 289 222 111 202 199 243 221 222 187 158 255 151 233 74 157 253 65 150 303 196 142 315 250 156 38 166 225 58 121 324 74 227 29 146 204 194 109 229 139 187 142 219 133 254 135 80 133 88 166 176 276 231 200 169 251 341 303 169 208 182 289 84 300 145 74 69 214 240 144 307 103 276 203 44 86 90 280 248 28 229 165 102 242 44 235 152 178 205 279 83 10 194 120 258 207 237 116 244 157 69 228 73 160 81 223 273 149 165 303 183 105 104 185 235 159 288 113 75 146 19 0 78
224 199 190 265 100 299 243 176 189 280 277 197 257 300 245 236 213 105 311 152 235 207 139 228 257 274 220 393 328 110 84 244 303 136 151 402 152 211 75 224 158 148 63 307 217 223 220 285 211 332 89 156 211 142 244 254 354 309 278 247 249 419 381 221 286 260 367 72 378 105 92 147 292 318 178 385 181 230 281 90 164 168 358 326 68 307 119 92 320 122 313 106 172 175 357 107 70 272 198 212 285 315 194 322 203 61 306 119 238 159 177 351 227 119 381 137 51 118 263 313 237 366 159 39 210 59 78 0
