0 152 83 102 145 65 69 51 185 40 50 48 30 57 16 53 44 144 62 170 178 44 109 122 79 203 208 137 98 137 193 151 157 138 73 149 152 25 194 232 56 61 169 112 49 5 215 47 133 163 154 200 192 95 156 105 118 63 69 157 44 171 149 18 102 223 150 133 121 91 126 188 104 140 48 160 78 66 42 210 137 170 143 179 196 194 93 114 82 173 65 142 38 36 151 114 181 163 213 53 113 145 156 129 249 145 58 204 221 109 57 96 192 131 126 93 190 98 121 66 181 154 224 205 241 186 172 190
152 0 190 70 170 133 218 173 33 165 130 186 175 150 149 102 194 172 170 35 37 192 73 36 228 72 59 161 125 170 85 32 74 52 105 160 34 174 95 83 162 157 167 94 103 147 66 179 20 94 170 53 42 86 32 61 134 154 108 34 194 163 138 134 85 83 125 116 160 134 100 47 88 89 116 137 80 209 150 110 32 26 120 91 105 84 149 114 136 55 155 171 141 159 116 97 91 52 62 196 77 85 5 96 98 116 169 71 75 59 175 159 46 171 157 161 180 104 56 153 40 123 77 140 90 99 87 148
83 190 0 167 90 147 71 33 219 120 131 45 102 140 99 119 71 87 143 194 224 64 122 171 77 256 249 220 179 80 195 202 221 154 85 232 175 69 191 273 32 34 120 185 107 85 256 122 176 232 100 225 232 107 207 166 199 146 145 208 96 252 229 89 172 272 228 112 204 65 116 211 175 210 79 239 112 55 125 204 164 199 220 245 188 254 52 96 164 187 148 85 58 48 227 108 177 220 249 52 180 213 192 202 284 124 139 218 265 132 26 179 235 72 209 40 140 93 181 149 227 231 248 180 279 179 169 157
102 70 167 0 182 65 172 140 100 103 66 147 118 84 94 50 146 183 103 103 82 147 89 35 181 101 114 96 56 178 146 54 55 95 93 98 91 127 153 137 135 133 191 30 60 98 121 117 51 66 186 123 101 90 59 9 68 86 41 59 139 109 82 86 16 124 73 138 92 130 123 117 20 45 88 86 65 167 87 170 78 96 66 79 161 91 143 127 66 117 87 181 109 124 68 113 145 62 123 155 15 47 75 42 157 145 102 139 124 75 144 89 97 176 90 152 209 110 20 85 84 74 146 188 147 153 138 187
145 170 90 182 0 194 160 109 189 185 179 128 173 196 159 151 154 4 206 157 207 147 99 169 166 242 222 263 217 10 136 194 227 119 92 271 142 144 127 243 96 87 31 209 137 144 228 192 165 244 10 185 206 93 197 177 237 202 181 200 176 287 261 140 194 251 254 55 251 57 70 170 198 226 109 267 117 144 183 135 138 166 247 250 120 250 52 57 210 141 205 5 107 115 250 74 115 216 217 138 197 227 170 224 247 60 202 168 240 115 104 231 213 18 254 55 50 73 189 205 210 256 202 99 245 114 110 73
65 133 147 65 194 0 126 115 165 44 16 112 64 19 50 47 101 194 38 163 147 104 125 98 135 163 179 73 34 188 200 119 109 144 106 85 148 87 205 202 117 120 212 58 59 63 186 56 113 109 201 186 166 117 124 73 53 21 25 124 85 106 85 59 55 187 88 165 58 137 154 179 55 87 86 97 90 127 28 222 133 158 81 128 210 147 145 149 17 173 22 192 94 99 90 142 194 124 189 116 67 93 138 73 223 176 38 200 188 116 121 37 162 183 62 149 233 131 85 20 149 93 210 230 212 201 185 222
69 218 71 172 160 126 0 56 250 85 115 36 63 111 79 122 26 157 104 232 246 26 164 190 10 272 275 192 161 150 246 219 226 195 124 206 213 45 244 300 71 80 189 180 117 74 283 78 200 231 170 263 259 148 225 175 178 115 137 226 44 229 211 86 171 292 214 171 174 122 170 250 172 208 104 223 139 16 98 259 199 234 208 248 244 263 114 152 141 231 117 155 81 62 216 160 230 233 279 24 182 213 221 196 315 184 101 263 289 168 59 147 260 142 181 106 210 143 191 119 249 219 287 243 308 234 222 222
51 173 33 140 109 115 56 0 204 88 99 20 70 107 66 91 45 107 110 182 205 39 112 150 64 234 232 188 147 99 192 180 195 144 72 200 163 38 189 256 15 24 137 156 80 52 239 90 157 205 118 214 215 95 186 141 167 113 115 187 68 221 198 58 144 252 197 115 171 66 115 200 146 182 57 208 93 41 93 204 150 185 190 219 189 230 60 97 132 179 116 104 33 17 197 105 175 197 234 31 153 186 176 173 269 128 107 211 247 118 6 146 217 92 177 54 158 88 157 117 208 201 237 187 263 179 167 167
185 33 219 100 189 165 250 204 0 198 162 218 208 182 183 135 227 192 202 33 33 225 98 67 260 62 33 185 154 191 79 51 89 71 134 182 48 207 91 55 193 187 181 121 136 180 39 212 53 108 187 26 18 113 48 92 160 186 140 49 227 182 159 167 114 64 145 134 187 160 120 30 117 109 148 156 112 241 183 102 56 23 141 99 103 83 176 137 166 54 187 191 172 191 135 120 93 63 30 228 104 104 29 120 65 131 201 53 51 87 206 189 28 193 183 188 191 130 83 185 34 141 46 141 59 100 91 155
40 165 120 103 185 44 85 88 198 0 38 79 22 27 26 65 61 184 22 190 184 66 138 131 93 204 216 107 77 177 220 156 151 163 107 121 173 52 222 239 95 100 208 102 69 41 223 14 145 153 193 217 202 126 162 109 94 30 62 162 42 144 126 47 96 227 131 168 89 130 160 207 97 130 82 138 103 89 16 239 157 187 125 171 226 190 133 150 57 196 32 181 78 74 134 148 210 164 224 79 108 136 170 117 259 180 19 226 227 134 94 63 199 171 96 133 229 133 123 34 187 136 241 239 250 216 201 226
50 130 131 66 179 16 115 99 162 38 0 98 54 22 36 35 89 178 40 157 147 91 114 95 123 166 179 89 48 172 191 119 115 134 91 100 141 73 195 202 101 104 197 66 45 48 186 51 109 118 185 182 165 104 125 72 68 27 25 125 76 121 99 43 59 189 100 152 74 122 141 173 60 94 70 110 78 114 21 212 126 153 94 135 200 153 129 135 33 165 30 176 77 83 102 128 184 127 187 102 71 100 134 82 222 162 39 193 189 106 105 52 162 167 78 133 218 116 85 28 150 105 206 218 213 190 175 208
48 186 45 147 128 112 36 20 218 79 98 0 59 102 62 96 27 126 101 198 216 20 129 160 45 244 244 184 146 118 210 191 202 160 88 196 178 27 208 269 35 44 156 159 88 51 251 78 169 210 138 229 228 112 196 148 165 107 117 197 51 218 197 61 148 263 198 135 167 86 134 216 150 187 70 208 106 23 87 223 165 200 191 225 208 238 80 116 129 196 109 123 46 27 199 123 194 206 247 12 158 191 189 176 283 148 98 228 259 134 24 141 229 111 173 73 177 107 164 111 219 202 253 207 276 198 186 187
30 175 102 118 173 64 63 70 208 22 54 59 0 48 25 73 39 171 43 196 197 44 138 142 71 219 228 129 98 164 222 169 169 166 103 143 178 33 223 252 79 86 198 120 74 34 236 20 155 172 182 225 213 124 175 122 115 52 78 176 22 166 148 45 113 241 152 163 111 120 156 214 114 149 78 160 105 67 35 240 163 195 145 190 226 207 121 144 78 200 54 169 67 59 154 144 210 179 235 58 125 154 179 136 271 175 40 231 240 136 76 85 212 158 118 119 219 128 137 56 200 157 249 235 262 216 201 220
57 150 140 84 196 19 111 107 182 27 22 102 48 0 41 57 87 195 19 178 166 91 135 115 119 182 198 82 51 188 213 137 128 156 110 95 163 76 217 220 112 116 216 77 66 56 205 38 130 128 203 203 184 125 143 91 67 6 43 143 69 118 99 56 74 206 104 172 65 139 161 195 74 105 88 112 99 114 15 234 147 174 98 147 222 166 145 154 30 187 9 193 91 92 108 149 206 143 207 104 86 112 155 92 241 183 19 215 207 128 114 39 181 183 71 147 237 136 103 9 168 109 227 239 231 212 197 229
16 149 99 94 159 50 79 66 183 26 36 62 25 41 0 48 53 158 47 171 173 55 114 117 88 196 204 122 84 151 197 145 147 141 81 134 153 37 199 227 71 76 181 101 48 16 211 36 130 152 167 199 188 101 151 98 103 47 58 151 45 156 135 21 92 217 137 142 105 103 134 189 93 129 56 146 80 78 26 216 138 169 130 169 202 185 107 124 67 175 50 155 52 51 138 122 186 156 210 66 103 134 153 117 246 155 43 206 216 111 72 80 187 145 111 108 203 107 114 51 175 141 224 213 237 192 177 200
53 102 119 50 151 47 122 91 135 65 35 96 73 57 48 0 97 151 74 125 125 97 79 70 132 150 156 112 66 145 157 98 105 100 60 121 108 78 160 180 87 87 166 66 14 48 163 78 82 114 157 152 140 70 103 52 86 62 30 104 93 138 113 36 53 171 110 119 100 94 107 143 56 91 44 121 43 117 51 177 93 123 102 129 165 141 105 103 60 132 65 149 61 74 108 95 149 110 162 104 62 95 106 83 198 129 72 161 168 71 95 84 139 142 103 110 187 84 68 63 128 113 177 183 189 156 140 175
44 194 71 146 154 101 26 45 227 61 89 27 39 87 53 97 0 152 82 210 221 7 144 165 35 246 251 168 135 145 228 194 200 175 104 182 191 20 226 275 60 68 182 154 92 49 258 57 175 205 164 240 235 128 200 149 153 91 111 201 26 205 186 61 145 267 189 157 151 109 154 228 146 182 82 197 117 28 73 242 177 211 182 222 227 237 105 138 116 210 93 150 62 44 191 143 213 207 255 21 156 187 198 170 292 170 79 242 264 146 51 124 235 137 157 99 203 126 165 95 224 194 265 230 284 217 204 211
144 172 87 183 4 194 157 107 192 184 178 126 171 195 158 151 152 0 204 160 209 145 101 170 163 244 225 263 217 7 139 196 228 121 92 271 144 142 130 246 93 85 34 210 137 142 230 190 166 245 13 188 208 94 199 178 237 201 181 201 173 287 261 139 195 254 255 58 251 57 72 173 199 227 108 267 118 141 182 139 140 169 248 251 124 252 50 59 209 144 204 2 106 113 251 75 118 217 219 136 198 228 172 224 249 63 201 171 243 117 101 231 215 15 253 53 53 74 190 204 212 256 205 103 247 117 113 76
62 170 143 103 206 38 104 110 202 22 40 101 43 19 47 74 82 204 0 197 185 87 152 134 111 200 217 88 65 198 231 157 146 174 124 103 181 75 234 239 117 122 227 95 82 62 224 26 149 144 213 222 204 141 162 110 79 17 62 162 60 126 111 66 93 224 117 186 70 150 176 214 92 122 100 123 116 110 24 251 166 193 112 164 239 184 154 168 45 206 17 202 99 97 122 164 223 161 226 101 105 129 174 108 260 197 4 234 226 145 116 43 200 192 77 154 248 150 122 20 187 123 246 254 250 229 214 243
170 35 194 103 157 163 232 182 33 190 157 198 196 178 171 125 210 160 197 0 61 208 72 68 242 94 66 195 158 159 51 66 108 41 111 195 20 191 62 86 170 163 148 129 123 165 71 203 52 129 155 31 51 88 65 93 168 183 137 67 214 199 174 153 118 97 161 102 194 132 89 18 122 124 129 172 93 222 176 75 34 12 156 123 73 112 148 106 167 22 184 159 152 171 152 90 61 85 59 209 111 120 31 132 91 98 196 37 84 65 183 191 60 162 192 160 158 102 90 182 63 158 55 110 88 68 58 122
178 37 224 82 207 147 246 205 33 184 147 216 197 166 173 125 221 209 185 61 0 220 110 56 256 35 32 157 130 207 110 28 57 89 139 153 68 202 122 55 195 190 203 97 129 173 39 198 48 76 206 58 22 122 23 75 134 168 123 23 218 151 129 160 93 48 115 152 161 170 137 62 95 80 148 124 113 239 169 134 69 49 112 66 133 51 186 151 145 82 169 208 172 190 105 134 121 32 43 226 82 74 37 92 76 152 184 86 43 96 207 166 15 208 156 197 215 141 63 166 3 110 75 170 65 129 118 181
44 192 64 147 147 104 26 39 225 66 91 20 44 91 55 97 7 145 87 208 220 0 140 164 35 246 250 173 139 138 223 194 201 171 100 186 188 19 222 274 53 62 175 156 91 49 257 63 174 207 157 238 233 124 199 149 157 96 113 200 33 209 189 61 146 267 192 151 155 103 149 226 148 184 79 201 114 23 77 238 174 209 185 223 223 238 99 133 120 207 98 143 57 39 193 138 208 207 254 14 157 189 196 173 290 164 84 239 264 143 44 129 234 130 162 92 197 121 165 100 223 196 262 224 282 213 200 205
109 73 122 89 99 125 164 112 98 138 114 129 138 135 114 79 144 101 152 72 110 140 0 70 174 144 130 181 136 98 84 95 128 32 40 186 52 125 85 153 98 91 102 119 70 105 136 150 65 146 101 103 113 16 98 82 153 141 104 100 153 198 171 94 104 156 162 49 173 61 34 89 108 131 62 175 36 152 128 101 43 77 156 151 88 151 77 42 136 67 143 100 83 102 156 26 72 116 128 140 104 130 74 131 162 55 149 99 147 16 112 161 118 99 174 90 120 31 92 142 113 163 126 105 157 78 63 99
122 36 171 35 169 98 190 150 67 131 95 160 142 115 117 70 165 170 134 68 56 164 70 0 200 84 86 129 91 167 113 30 59 65 89 130 58 145 121 110 141 137 172 62 73 117 94 145 16 77 170 88 71 77 36 26 101 119 73 37 163 137 110 104 51 103 99 119 127 123 103 82 54 64 93 111 60 183 116 137 46 61 93 81 130 84 138 112 100 83 120 169 117 135 91 96 114 49 93 170 44 62 40 68 128 123 134 104 99 54 153 124 70 166 124 149 188 97 25 118 59 98 112 159 119 122 107 162
79 228 77 181 166 135 10 64 260 93 123 45 71 119 88 132 35 163 111 242 256 35 174 200 0 282 285 199 169 156 255 229 235 205 133 213 222 54 253 310 79 88 196 189 127 84 292 85 209 240 176 273 269 157 235 184 186 123 146 236 51 237 219 96 180 302 222 179 181 130 179 260 181 217 113 231 149 23 106 268 209 244 216 257 253 273 122 161 149 240 124 161 90 71 225 169 239 242 289 34 191 222 231 205 325 192 108 272 299 178 67 154 269 148 188 113 216 152 200 127 259 228 297 251 318 243 231 230
203 72 256 101 242 163 272 234 62 204 166 244 219 182 196 150 246 244 200 94 35 246 144 84 282 0 39 157 140 242 142 54 57 124 171 149 103 227 154 48 225 221 238 107 156 198 41 217 81 69 242 84 45 156 49 97 138 183 141 47 240 142 125 186 108 25 110 188 164 204 172 92 108 82 178 117 144 266 187 164 104 82 109 51 165 28 219 186 158 116 184 243 201 219 100 169 154 40 55 253 96 76 72 97 73 187 201 113 33 130 237 175 34 243 159 230 250 175 82 181 32 105 93 203 61 161 152 216
208 59 249 114 222 179 275 232 33 216 179 244 228 198 204 156 251 225 217 66 32 250 130 86 285 39 0 186 162 224 108 60 85 104 164 181 81 231 121 24 221 216 214 128 159 203 7 230 76 102 221 47 17 144 55 107 164 200 155 55 249 177 157 190 125 32 142 167 192 191 153 59 127 110 175 151 139 267 201 129 87 56 140 87 132 66 207 169 177 86 201 224 199 218 132 152 124 61 16 254 114 103 57 122 43 164 217 77 18 118 234 198 17 226 187 219 223 161 95 199 30 137 54 171 33 130 123 187
137 161 220 96 263 73 192 188 185 107 89 184 129 82 122 112 168 263 88 195 157 173 181 129 199 157 186 0 46 257 242 134 102 190 172 15 186 157 249 204 190 192 277 67 126 135 192 114 144 88 268 210 179 178 138 105 28 77 82 136 148 39 34 131 80 181 48 227 18 206 214 208 76 77 155 46 150 196 97 265 174 187 47 108 257 132 216 213 56 212 75 261 166 171 57 203 241 126 200 186 85 83 165 65 228 236 91 231 189 168 194 45 171 253 11 220 297 194 105 73 158 54 231 283 216 249 233 280
98 125 179 56 217 34 161 147 154 77 48 146 98 51 84 66 135 217 65 158 130 139 136 91 169 140 162 46 0 211 201 104 83 148 126 55 147 121 208 182 148 149 231 34 80 96 168 88 107 79 223 177 151 132 108 65 20 49 36 108 119 74 51 89 40 164 54 181 38 161 168 172 37 58 110 62 104 162 63 225 133 151 47 99 215 120 171 167 21 172 49 215 123 130 57 157 199 103 173 150 49 65 130 44 205 190 67 195 168 124 153 36 145 208 38 176 251 148 70 46 132 59 200 239 194 206 191 235
137 170 80 178 10 188 150 99 191 177 172 118 164 188 151 145 145 7 198 159 207 138 98 167 156 242 224 257 211 0 141 193 225 120 86 266 143 135 133 245 86 78 41 205 131 135 230 183 164 241 20 188 207 90 196 173 231 195 175 199 166 282 256 133 190 252 250 58 245 51 71 173 194 223 102 263 113 134 175 142 138 168 243 248 126 249 44 56 203 144 197 5 99 106 246 73 120 214 219 128 193 224 170 220 250 64 194 172 242 114 94 224 214 8 248 46 60 70 186 197 210 252 206 108 247 119 115 81
193 85 195 146 136 200 246 192 79 220 191 210 222 213 197 157 228 139 231 51 110 223 84 113 255 142 108 242 201 141 0 117 159 57 123 242 55 209 12 122 177 169 118 175 151 189 111 232 98 179 131 61 97 99 116 137 214 218 176 118 237 248 222 177 163 140 210 86 239 131 80 50 166 173 146 222 117 233 208 24 68 62 205 174 24 162 144 99 207 31 220 139 166 184 201 88 21 136 96 222 157 170 81 180 118 77 229 35 125 86 191 232 108 146 237 157 122 104 137 219 112 208 70 63 120 24 27 82
151 32 202 54 194 119 219 180 51 156 119 191 169 137 145 98 194 196 157 66 28 194 95 30 229 54 60 134 104 193 117 0 42 81 118 131 65 175 127 83 172 168 194 70 103 146 67 170 29 62 195 76 48 104 6 47 109 140 95 7 190 133 109 133 65 73 95 141 136 151 126 75 67 59 124 107 90 213 140 141 60 56 91 60 137 56 167 137 118 87 141 194 148 165 86 120 123 22 70 200 54 54 36 69 104 143 156 99 71 79 183 139 43 193 132 178 208 124 35 138 31 92 97 171 94 131 118 178
157 74 221 55 227 109 226 195 89 151 115 202 169 128 147 105 200 228 146 108 57 201 128 59 235 57 85 102 83 225 159 42 0 120 143 96 107 182 169 102 189 187 230 51 115 152 90 165 67 21 229 114 79 134 43 55 81 129 90 41 191 94 72 141 56 82 57 177 108 179 161 115 55 26 142 67 114 222 135 183 100 97 55 24 179 38 194 170 102 128 129 227 164 179 48 154 165 26 99 209 44 19 77 40 126 181 146 140 87 113 199 118 70 224 102 203 246 155 40 126 58 53 132 213 115 173 159 218
138 52 154 95 119 144 195 144 71 163 134 160 166 156 141 100 175 121 174 41 89 171 32 65 205 124 104 190 148 120 57 81 120 0 72 193 23 156 61 125 130 123 114 124 94 133 109 176 54 140 118 72 87 48 83 86 162 161 120 85 182 201 175 121 111 132 164 64 185 91 49 58 115 129 93 176 61 184 151 78 21 48 158 140 68 136 107 66 152 35 164 121 115 134 156 49 51 103 99 172 107 127 51 132 132 63 172 67 121 30 144 177 94 123 184 119 127 61 90 162 92 163 94 94 129 59 43 98
73 105 85 93 92 106 124 72 134 107 91 88 103 110 81 60 104 92 124 111 139 100 40 89 133 171 164 172 126 86 123 118 143 72 0 180 91 86 122 188 59 52 106 119 47 69 170 117 91 158 97 142 146 24 123 89 145 117 90 125 115 196 170 60 104 187 164 62 161 37 53 129 108 138 25 176 29 112 100 138 79 114 157 167 124 173 50 44 120 107 119 90 43 62 160 41 109 138 164 100 108 140 107 134 199 73 121 140 180 47 72 143 150 84 163 60 127 26 103 119 142 166 166 132 193 114 100 119
149 160 232 98 271 85 206 200 182 121 100 196 143 95 134 121 182 271 103 195 153 186 186 130 213 149 181 15 55 266 242 131 96 193 180 0 187 170 250 197 201 203 284 69 135 147 186 128 145 81 276 208 175 184 135 107 35 91 91 133 162 24 24 143 83 173 39 233 33 215 219 206 79 73 165 34 157 209 110 267 175 186 41 99 259 124 225 220 68 212 89 269 177 183 49 209 243 121 195 199 86 79 164 63 222 241 105 230 182 173 205 60 166 262 25 230 304 202 105 87 153 45 227 287 210 251 236 285
152 34 175 91 142 148 213 163 48 173 141 178 178 163 153 108 191 144 181 20 68 188 52 58 222 103 81 186 147 143 55 65 107 23 91 187 0 171 63 103 150 143 135 119 105 147 87 186 43 127 140 51 64 68 66 82 159 167 123 69 196 193 168 134 108 110 155 86 184 113 72 38 111 119 109 168 74 202 159 79 15 25 150 125 73 117 129 89 154 25 169 143 132 151 147 72 58 87 77 189 102 116 32 125 110 84 180 53 99 45 163 178 72 145 182 141 147 83 82 167 71 153 74 106 106 66 53 114
25 174 69 127 144 87 45 38 207 52 73 27 33 76 37 78 20 142 75 191 202 19 125 145 54 227 231 157 121 135 209 175 182 156 86 170 171 0 208 255 49 57 170 137 72 30 238 53 156 188 153 221 215 110 180 130 140 81 94 181 32 193 172 42 127 248 174 141 140 95 137 209 129 165 63 183 97 41 61 224 157 191 167 204 210 219 93 122 103 191 83 140 44 30 175 126 195 188 236 29 138 170 178 154 272 154 71 223 245 127 44 114 215 128 146 89 192 109 146 84 204 178 245 214 264 200 186 197
194 95 191 153 127 205 244 189 91 222 195 208 223 217 199 160 226 130 234 62 122 222 85 121 253 154 121 249 208 133 12 127 169 61 122 250 63 208 0 135 174 166 108 182 153 189 124 234 106 189 121 74 109 99 127 144 221 222 181 129 237 257 231 178 170 152 219 80 245 126 75 62 173 182 146 231 119 230 211 17 75 73 213 185 12 173 139 95 212 40 224 131 165 183 210 85 14 146 109 220 165 179 91 188 130 69 232 47 138 89 188 237 119 138 244 151 110 101 145 223 124 217 82 51 132 13 22 70
232 83 273 137 243 202 300 256 55 239 202 269 252 220 227 180 275 246 239 86 55 274 153 110 310 48 24 204 182 245 122 83 102 125 188 197 103 255 135 0 245 240 233 149 183 227 17 253 100 116 241 61 41 167 78 130 183 223 178 77 273 190 173 214 147 27 158 188 210 214 174 75 148 128 199 165 163 292 224 141 110 77 156 99 146 75 230 191 199 104 223 245 224 242 148 174 140 80 27 279 135 121 81 141 25 184 239 88 15 141 258 218 40 248 205 243 241 184 117 221 52 152 58 185 13 146 140 203
56 162 32 135 96 117 71 15 193 95 101 35 79 112 71 87 60 93 117 170 195 53 98 141 79 225 221 190 148 86 177 172 189 130 59 201 150 49 174 245 0 9 123 153 75 56 228 99 147 200 105 201 204 82 177 134 168 118 114 178 80 221 198 59 140 243 196 100 174 51 100 187 143 178 48 207 82 56 97 189 138 173 189 213 174 223 45 82 134 165 121 91 26 21 195 90 161 189 222 47 148 181 165 170 258 113 113 197 237 106 14 150 207 79 179 40 144 73 150 121 198 199 224 172 252 164 152 152
61 157 34 133 87 120 80 24 187 100 104 44 86 116 76 87 68 85 122 163 190 62 91 137 88 221 216 192 149 78 169 168 187 123 52 203 143 57 166 240 9 0 114 153 74 60 223 105 142 199 96 194 198 75 173 132 170 122 115 174 88 223 199 61 139 238 196 91 178 42 91 180 143 177 45 208 78 65 102 180 131 167 189 211 165 220 37 73 136 157 125 83 27 27 195 81 152 186 216 56 147 180 159 170 252 104 119 189 232 99 22 154 202 72 182 33 135 65 148 125 193 199 217 163 246 155 144 143
169 167 120 191 31 212 189 137 181 208 197 156 198 216 181 166 182 34 227 148 203 175 102 172 196 238 214 277 231 41 118 194 230 114 106 284 135 170 108 233 123 114 0 219 153 166 219 215 165 249 21 173 198 101 197 184 250 222 196 199 202 298 272 161 204 244 264 53 267 78 69 158 208 233 128 277 128 173 204 113 135 158 257 252 99 250 77 65 226 129 225 36 130 141 258 77 97 216 206 167 206 233 166 232 234 51 224 152 232 118 132 249 207 49 269 83 22 83 194 224 206 264 187 72 233 94 94 45
112 94 185 30 209 58 180 156 121 102 66 159 120 77 101 66 154 210 95 129 97 156 119 62 189 107 128 67 34 205 175 70 51 124 119 69 119 137 182 149 153 153 219 0 79 108 134 114 77 52 213 145 118 118 75 38 40 78 43 74 142 79 52 99 15 131 45 167 66 155 152 141 11 29 109 58 92 178 85 198 107 121 38 70 191 89 168 155 51 145 78 208 127 139 42 142 175 69 140 165 18 34 99 17 171 174 95 165 134 105 161 70 112 202 63 175 238 137 38 75 98 47 167 218 160 182 167 217
49 103 107 60 137 59 117 80 136 69 45 88 74 66 48 14 92 137 82 123 129 91 70 73 127 156 159 126 80 131 151 103 115 94 47 135 105 72 153 183 75 74 153 79 0 44 166 82 84 125 143 151 143 59 108 60 100 72 44 110 92 152 127 31 65 176 123 107 114 80 95 141 68 103 31 135 34 110 58 170 90 122 116 139 157 150 91 90 73 127 75 135 49 64 121 83 141 118 164 97 73 106 107 96 200 117 80 157 172 64 84 96 143 128 117 97 174 72 77 74 132 126 176 173 192 147 132 163
5 147 85 98 144 63 74 52 180 41 48 51 34 56 16 48 49 142 62 165 173 49 105 117 84 198 203 135 96 135 189 146 152 133 69 147 147 30 189 227 56 60 166 108 44 0 210 49 128 159 152 195 187 90 151 101 115 62 66 152 49 169 146 13 98 219 147 129 119 89 122 183 100 136 44 157 73 70 42 206 132 165 140 175 192 189 92 110 80 168 65 140 37 36 148 110 176 159 208 57 108 140 151 125 244 142 59 199 216 104 58 95 187 130 125 92 188 95 117 66 176 151 219 201 236 182 167 187
215 66 256 121 228 186 283 239 39 223 186 251 236 205 211 163 258 230 224 71 39 257 136 94 292 41 7 192 168 230 111 67 90 109 170 186 87 238 124 17 228 223 219 134 166 210 0 237 83 106 226 50 24 150 62 114 170 207 162 62 256 181 162 197 132 29 147 173 197 198 158 62 133 115 182 155 146 274 207 132 94 62 145 91 135 69 214 175 184 90 208 230 206 225 137 158 127 66 16 261 120 109 64 128 37 169 223 79 14 124 241 204 24 232 192 226 228 168 102 205 37 142 53 174 26 134 127 191
47 179 122 117 192 56 78 90 212 14 51 78 20 38 36 78 57 190 26 203 198 63 150 145 85 217 230 114 88 183 232 170 165 176 117 128 186 53 234 253 99 105 215 114 82 49 237 0 159 165 200 230 216 137 176 123 103 39 76 176 34 152 136 57 110 240 141 178 96 138 171 221 110 143 92 148 116 84 30 251 171 201 135 184 238 203 140 160 68 209 41 188 85 78 145 158 222 178 238 77 122 149 183 129 273 191 23 239 241 146 96 69 213 177 103 138 237 143 137 43 201 147 255 249 263 228 213 236
133 20 176 51 165 113 200 157 53 145 109 169 155 130 130 82 175 166 149 52 48 174 65 16 209 81 76 144 107 164 98 29 67 54 91 145 43 156 106 100 147 142 165 77 84 128 83 159 0 86 166 73 59 75 33 42 117 134 88 35 175 150 125 115 67 96 112 112 143 123 97 66 70 76 100 125 64 191 130 122 33 45 107 87 116 86 139 108 116 68 135 165 124 142 104 91 100 51 80 179 59 74 25 82 116 115 148 88 90 50 159 140 60 164 140 150 180 95 39 133 51 111 97 147 108 108 94 152
163 94 232 66 244 109 231 205 108 153 118 210 172 128 152 114 205 245 144 129 76 207 146 77 240 69 102 88 79 241 179 62 21 140 158 81 127 188 189 116 200 199 249 52 125 159 106 165 86 0 246 134 98 151 63 69 72 128 94 61 194 75 56 149 62 93 41 195 98 194 180 136 59 23 154 49 129 229 137 204 120 118 41 20 200 44 208 187 99 149 127 244 175 188 32 172 185 45 117 216 52 19 98 36 141 200 145 160 101 131 209 112 88 240 91 217 265 171 55 124 76 36 151 233 129 193 180 238
154 170 100 186 10 201 170 118 187 193 185 138 182 203 167 157 164 13 213 155 206 157 101 170 176 242 221 268 223 20 131 195 229 118 97 276 140 153 121 241 105 96 21 213 143 152 226 200 166 246 0 182 204 96 198 180 242 209 187 200 185 292 265 148 198 250 258 54 257 64 69 167 202 229 115 271 121 153 190 128 138 164 251 252 114 251 60 59 216 138 212 15 115 123 254 75 110 217 214 148 201 230 169 227 243 57 210 163 238 116 113 238 212 28 259 65 40 76 191 212 209 259 198 91 242 108 105 64
200 53 225 123 185 186 263 214 26 217 182 229 225 203 199 152 240 188 222 31 58 238 103 88 273 84 47 210 177 188 61 76 114 72 142 208 51 221 74 61 201 194 173 145 151 195 50 230 73 134 182 0 39 119 73 114 185 207 161 74 243 208 185 182 137 79 171 130 211 163 118 15 140 135 159 181 124 252 202 82 64 30 167 124 85 107 179 136 188 44 208 187 183 202 161 120 78 89 35 240 128 130 48 145 62 125 221 29 64 95 214 212 50 191 208 191 180 133 107 206 59 167 25 124 60 84 79 142
192 42 232 101 206 166 259 215 18 202 165 228 213 184 188 140 235 208 204 51 22 233 113 71 269 45 17 179 151 207 97 48 79 87 146 175 64 215 109 41 204 198 198 118 143 187 24 216 59 98 204 39 0 126 43 93 155 187 142 44 233 173 151 174 113 46 137 150 183 174 136 47 115 102 158 146 122 251 186 119 70 40 134 86 120 68 190 152 165 72 188 207 182 201 127 135 110 54 22 238 102 96 39 114 57 148 203 68 35 100 217 187 11 209 178 202 208 144 82 186 22 132 53 159 49 117 109 173
95 86 107 90 93 117 148 95 113 126 104 112 124 125 101 70 128 94 141 88 122 124 16 77 157 156 144 178 132 90 99 104 134 48 24 184 68 110 99 167 82 75 101 118 59 90 150 137 75 151 96 119 126 0 108 84 150 131 98 110 138 198 171 80 103 169 163 50 168 48 37 105 107 133 47 176 28 136 117 115 57 92 156 158 101 160 64 37 129 83 134 92 67 86 158 25 86 125 143 124 105 134 87 132 178 59 138 115 161 26 96 154 131 90 170 76 120 20 96 133 125 164 142 114 172 91 77 105
156 32 207 59 197 124 225 186 48 162 125 196 175 143 151 103 200 199 162 65 23 199 98 36 235 49 55 138 108 196 116 6 43 83 123 135 66 180 127 78 177 173 197 75 108 151 62 176 33 63 198 73 43 108 0 53 113 145 100 2 196 135 112 139 70 67 98 144 140 156 129 73 72 62 129 109 95 218 146 141 62 55 94 59 137 53 171 141 123 86 146 198 153 170 88 124 124 20 65 205 59 57 35 72 98 146 162 97 65 83 188 144 38 197 136 182 210 128 40 144 25 94 93 172 88 131 119 180
105 61 166 9 177 73 175 141 92 109 72 148 122 91 98 52 149 178 110 93 75 149 82 26 184 97 107 105 65 173 137 47 55 86 89 107 82 130 144 130 134 132 184 38 60 101 114 123 42 69 180 114 93 84 53 0 77 94 48 53 144 117 90 89 25 119 80 131 101 126 116 108 29 49 87 93 61 169 93 161 69 87 74 79 153 90 140 121 74 108 95 176 109 124 74 107 136 58 116 157 22 50 66 48 150 137 110 130 118 67 144 98 90 172 100 149 202 104 16 93 78 80 137 180 141 144 129 180
118 134 199 68 237 53 178 167 160 94 68 165 115 67 103 86 153 237 79 168 134 157 153 101 186 138 164 28 20 231 214 109 81 162 145 35 159 140 221 183 168 170 250 40 100 115 170 103 117 72 242 185 155 150 113 77 0 64 56 112 136 54 32 109 51 163 39 199 27 180 186 181 48 56 130 45 122 180 80 238 146 160 34 93 229 116 191 185 37 184 63 235 143 150 45 175 213 104 177 169 57 62 139 42 207 208 81 205 168 140 173 40 148 228 23 196 269 167 78 60 135 45 206 255 195 220 205 252
63 154 146 86 202 21 115 113 186 30 27 107 52 6 47 62 91 201 17 183 168 96 141 119 123 183 200 77 49 195 218 140 129 161 117 91 167 81 222 223 118 122 222 78 72 62 207 39 134 128 209 207 187 131 145 94 64 0 46 145 72 114 97 62 76 207 102 178 60 145 168 199 75 106 94 109 105 119 21 239 152 178 96 147 228 167 151 161 29 192 3 199 97 98 106 155 211 145 210 109 88 112 159 92 244 189 18 219 209 133 119 34 183 190 66 153 243 143 106 4 170 108 231 245 233 218 202 235
69 108 145 41 181 25 137 115 140 62 25 117 78 43 58 30 111 181 62 137 123 113 104 73 146 141 155 82 36 175 176 95 90 120 90 91 123 94 181 178 114 115 196 43 44 66 162 76 88 94 187 161 142 98 100 48 56 46 0 101 100 109 84 57 34 165 82 147 71 125 134 153 35 71 74 93 70 135 46 198 108 133 75 111 187 128 135 132 32 148 47 179 88 98 82 123 171 102 164 123 46 76 113 60 199 156 61 174 165 93 120 57 138 172 73 140 216 113 61 45 126 86 185 208 189 178 162 202
157 34 208 59 200 124 226 187 49 162 125 197 176 143 151 104 201 201 162 67 23 200 100 37 236 47 55 136 108 199 118 7 41 85 125 133 69 181 129 77 178 174 199 74 110 152 62 176 35 61 200 74 44 110 2 53 112 145 101 0 197 134 110 140 70 66 96 147 139 158 131 75 72 60 130 107 97 219 146 143 64 57 92 56 139 51 173 143 122 88 146 200 154 172 87 126 126 18 66 206 59 55 38 71 98 148 162 99 65 85 190 143 38 199 135 184 213 130 40 144 25 93 94 174 88 133 121 182
44 194 96 139 176 85 44 68 227 42 76 51 22 69 45 93 26 173 60 214 218 33 153 163 51 240 249 148 119 166 237 190 191 182 115 162 196 32 237 273 80 88 202 142 92 49 256 34 175 194 185 243 233 138 196 144 136 72 100 197 0 186 168 61 135 262 173 172 130 126 167 232 136 170 91 180 122 52 57 253 181 214 167 211 239 229 125 153 99 217 74 171 75 62 176 156 224 201 255 46 146 176 198 158 291 185 57 248 261 153 73 103 232 159 137 120 223 139 159 76 221 178 268 245 282 229 215 228
171 163 252 109 287 106 229 221 182 144 121 218 166 118 156 138 205 287 126 199 151 209 198 137 237 142 177 39 74 282 248 133 94 201 196 24 193 193 257 190 221 223 298 79 152 169 181 152 150 75 292 208 173 198 135 117 54 114 109 134 186 0 27 163 94 165 38 246 57 232 232 208 90 75 183 27 171 232 132 272 183 189 44 91 266 115 243 234 90 217 112 286 196 204 47 222 251 119 192 221 95 79 168 69 215 253 129 232 175 184 226 83 163 279 49 249 317 216 112 110 151 41 226 296 203 258 244 296
149 138 229 82 261 85 211 198 159 126 99 197 148 99 135 113 186 261 111 174 129 189 171 110 219 125 157 34 51 256 222 109 72 175 170 24 168 172 231 173 198 199 272 52 127 146 162 136 125 56 265 185 151 171 112 90 32 97 84 110 168 27 0 140 68 149 15 220 47 206 205 184 63 50 157 13 144 212 113 247 156 164 18 75 240 100 217 207 69 192 95 259 172 181 25 195 224 98 171 201 68 55 143 43 197 227 113 208 158 157 203 70 143 253 40 223 290 189 85 93 130 21 204 269 186 232 218 269
18 134 89 86 140 59 86 58 167 47 43 61 45 56 21 36 61 139 66 153 160 61 94 104 96 186 190 131 89 133 177 133 141 121 60 143 134 42 178 214 59 61 161 99 31 13 197 57 115 149 148 182 174 80 139 89 109 62 57 140 61 163 140 0 87 206 139 121 116 84 113 171 90 126 35 150 61 81 43 195 119 152 132 164 181 178 89 103 75 156 65 137 35 41 139 101 166 147 195 68 97 130 138 116 231 133 63 187 203 92 64 93 174 127 121 91 183 86 105 65 163 143 207 192 223 171 157 179
102 85 172 16 194 55 171 144 114 96 59 148 113 74 92 53 145 195 93 118 93 146 104 51 180 108 125 80 40 190 163 65 56 111 104 83 108 127 170 147 140 139 204 15 65 98 132 110 67 62 198 137 113 103 70 25 51 76 34 70 135 94 68 87 0 131 60 152 76 140 137 132 4 38 95 73 77 168 80 186 94 111 53 77 178 94 153 140 52 133 77 193 114 127 57 127 161 69 135 155 12 43 90 31 168 159 93 155 133 90 148 75 108 187 74 160 223 122 31 74 95 62 160 204 158 169 154 203
223 83 272 124 251 187 292 252 64 227 189 263 241 206 217 171 267 254 224 97 48 267 156 103 302 25 32 181 164 252 140 73 82 132 187 173 110 248 152 27 243 238 244 131 176 219 29 240 96 93 250 79 46 169 67 119 163 207 165 66 262 165 149 206 131 0 134 196 189 217 181 90 132 107 195 141 161 286 211 161 114 86 134 74 164 50 233 197 182 117 208 253 220 238 125 180 155 63 45 273 119 100 82 121 52 194 224 108 16 143 255 199 38 254 183 245 254 188 104 205 45 129 81 203 40 162 154 218
150 125 228 73 254 88 214 197 145 131 100 198 152 104 137 110 189 255 117 161 115 192 162 99 222 110 142 48 54 250 210 95 57 164 164 39 155 174 219 158 196 196 264 45 123 147 147 141 112 41 258 171 137 163 98 80 39 102 82 96 173 38 15 139 60 134 0 211 59 200 196 170 56 37 154 13 137 215 116 234 145 151 7 60 228 85 213 200 74 179 101 253 170 180 10 187 213 83 157 203 58 41 130 32 182 218 119 194 143 148 203 79 128 248 52 220 282 182 74 98 115 6 189 258 170 220 206 260
133 116 112 138 55 165 171 115 134 168 152 135 163 172 142 119 157 58 186 102 152 151 49 119 179 188 167 227 181 58 86 141 177 64 62 233 86 141 80 188 100 91 53 167 107 129 173 178 112 195 54 130 150 50 144 131 199 178 147 147 172 246 220 121 152 196 211 0 218 49 16 115 156 180 86 224 77 156 162 92 83 111 204 199 77 198 60 19 178 87 181 57 97 112 206 25 66 163 161 146 153 179 115 179 192 13 183 115 185 65 112 202 158 61 219 72 71 35 141 180 155 212 149 73 190 68 60 58
121 160 204 92 251 58 174 171 187 89 74 167 111 65 105 100 151 251 70 194 161 155 173 127 181 164 192 18 38 245 239 136 108 185 161 33 184 140 245 210 174 178 267 66 114 119 197 96 143 98 257 211 183 168 140 101 27 60 71 139 130 57 47 116 76 189 59 218 0 194 205 208 73 82 142 60 141 178 80 262 170 187 57 118 253 141 203 203 42 209 58 249 151 156 67 193 236 131 204 168 84 89 165 69 234 227 73 231 195 162 178 27 176 240 8 206 287 184 105 56 162 66 233 277 222 244 228 272
91 134 65 130 57 137 122 66 160 130 122 86 120 139 103 94 109 57 150 132 170 103 61 123 130 204 191 206 161 51 131 151 179 91 37 215 113 95 126 214 51 42 78 155 80 89 198 138 123 194 64 163 174 48 156 126 180 145 125 158 126 232 206 84 140 217 200 49 194 0 51 149 144 175 52 213 65 107 126 140 104 138 193 203 124 207 16 32 152 123 148 55 53 65 197 44 112 172 189 97 145 176 135 170 223 62 146 154 208 74 63 174 179 47 197 28 99 30 139 148 173 202 185 121 219 115 104 102
126 100 116 123 70 154 170 115 120 160 141 134 156 161 134 107 154 72 176 89 137 149 34 103 179 172 153 214 168 71 80 126 161 49 53 219 72 137 75 174 100 91 69 152 95 122 158 171 97 180 69 118 136 37 129 116 186 168 134 131 167 232 205 113 137 181 196 16 205 51 0 103 142 164 78 209 64 156 152 90 68 97 189 183 74 182 64 20 166 75 170 71 93 110 190 12 61 148 148 145 138 164 100 164 179 22 173 105 171 49 113 190 143 74 206 77 86 28 125 169 140 196 137 79 177 64 53 68
188 47 211 117 170 179 250 200 30 207 173 216 214 195 189 143 228 173 214 18 62 226 89 82 260 92 59 208 172 173 50 75 115 58 129 206 38 209 62 75 187 180 158 141 141 183 62 221 66 136 167 15 47 105 73 108 181 199 153 75 232 208 184 171 132 90 170 115 208 149 103 0 135 134 147 181 112 239 193 72 52 21 166 128 74 113 164 122 182 29 201 173 170 189 161 106 65 91 48 227 124 129 42 143 77 110 212 24 76 82 201 206 58 177 205 177 166 118 103 198 64 167 37 113 75 72 65 129
104 88 175 20 198 55 172 146 117 97 60 150 114 74 93 56 146 199 92 122 95 148 108 54 181 108 127 76 37 194 166 67 55 115 108 79 111 129 173 148 143 143 208 11 68 100 133 110 70 59 202 140 115 107 72 29 48 75 35 72 136 90 63 90 4 132 56 156 73 144 142 135 0 36 98 69 81 170 80 190 98 114 49 76 182 93 157 144 51 137 76 197 117 130 53 132 165 69 137 157 13 41 93 27 170 163 92 158 134 94 151 72 110 191 71 164 227 126 33 73 97 58 163 208 159 173 158 207
140 89 210 45 226 87 208 182 109 130 94 187 149 105 129 91 182 227 122 124 80 184 131 64 217 82 110 77 58 223 173 59 26 129 138 73 119 165 182 128 178 177 233 29 103 136 115 143 76 23 229 135 102 133 62 49 56 106 71 60 170 75 50 126 38 107 37 180 82 175 164 134 36 0 132 49 110 206 114 198 109 114 32 41 192 62 188 170 78 143 105 225 152 165 28 156 177 49 123 193 30 7 93 14 152 185 123 158 113 115 187 93 94 221 77 196 250 153 39 103 81 34 154 223 140 184 170 226
48 116 79 88 109 86 104 57 148 82 70 70 78 88 56 44 82 108 100 129 148 79 62 93 113 178 175 155 110 102 146 124 142 93 25 165 109 63 146 199 48 45 128 109 31 44 182 92 100 154 115 159 158 47 129 87 130 94 74 130 91 183 157 35 95 195 154 86 142 52 78 147 98 132 0 165 36 93 76 162 95 130 146 166 148 175 61 68 101 128 97 106 24 43 151 66 133 141 177 81 102 135 119 126 213 98 97 160 190 64 60 122 160 98 146 66 149 51 102 97 151 156 183 157 206 138 124 144
160 137 239 86 267 97 223 208 156 138 110 208 160 112 146 121 197 267 123 172 124 201 175 111 231 117 151 46 62 263 222 107 67 176 176 34 168 183 231 165 207 208 277 58 135 157 155 148 125 49 271 181 146 176 109 93 45 109 93 107 180 27 13 150 73 141 13 224 60 213 209 181 69 49 165 0 150 224 124 246 157 162 20 66 240 91 225 213 81 191 108 266 181 191 21 199 225 93 166 212 71 52 141 45 190 230 126 206 150 160 213 83 137 260 52 231 295 195 86 105 125 14 199 271 178 233 218 272
78 80 112 65 117 90 139 93 112 103 78 106 105 99 80 43 117 118 116 93 113 114 36 60 149 144 139 150 104 113 117 90 114 61 29 157 74 97 119 163 82 78 128 92 34 73 146 116 64 129 121 124 122 28 95 61 122 105 70 97 122 171 144 61 77 161 137 77 141 65 64 112 81 110 36 150 0 129 92 136 60 94 130 138 123 144 79 63 102 95 108 116 60 79 133 53 107 109 141 117 80 111 83 107 177 87 114 126 155 31 95 126 125 111 142 89 147 45 74 106 116 139 148 140 170 113 98 132
66 209 55 167 144 127 16 41 241 89 114 23 67 114 78 117 28 141 110 222 239 23 152 183 23 266 267 196 162 134 233 213 222 184 112 209 202 41 230 292 56 65 173 178 110 70 274 84 191 229 153 252 251 136 218 169 180 119 135 219 52 232 212 81 168 286 215 156 178 107 156 239 170 206 93 224 129 0 100 245 188 224 208 245 230 259 99 138 143 219 121 139 70 50 216 146 217 227 270 13 178 210 212 195 306 169 106 251 282 157 43 151 252 126 185 90 194 129 186 122 242 219 276 228 299 220 208 207
42 150 125 87 183 28 98 93 183 16 21 87 35 15 26 51 73 182 24 176 169 77 128 116 106 187 201 97 63 175 208 140 135 151 100 110 159 61 211 224 97 102 204 85 58 42 207 30 130 137 190 202 186 117 146 93 80 21 46 146 57 132 113 43 80 211 116 162 80 126 152 193 80 114 76 124 92 100 0 228 144 173 110 155 216 174 132 144 43 183 23 180 77 78 119 140 199 148 209 89 92 120 155 101 244 173 21 212 211 122 99 54 184 170 86 133 225 126 107 24 171 121 226 230 234 206 190 219
210 110 204 170 135 222 259 204 102 239 212 223 240 234 216 177 242 139 251 75 134 238 101 137 268 164 129 265 225 142 24 141 183 78 138 267 79 224 17 141 189 180 113 198 170 206 132 251 122 204 128 82 119 115 141 161 238 239 198 143 253 272 247 195 186 161 234 92 262 140 90 72 190 198 162 246 136 245 228 0 92 86 229 198 16 185 152 108 230 55 242 139 180 198 226 100 29 160 116 235 181 194 106 204 133 81 249 53 145 106 202 254 130 148 260 164 112 116 161 240 136 232 85 47 137 25 38 71
137 32 164 78 138 133 199 150 56 157 126 165 163 147 138 93 177 140 166 34 69 174 43 46 209 104 87 174 133 138 68 60 100 21 79 175 15 157 75 110 138 131 135 107 90 132 94 171 33 120 138 64 70 57 62 69 146 152 108 64 181 183 156 119 94 114 145 83 170 104 68 52 98 109 95 157 60 188 144 92 0 35 139 119 84 115 120 83 139 40 154 139 119 138 137 65 68 82 85 176 89 107 32 114 120 84 164 68 105 32 151 164 76 140 169 132 148 74 71 152 72 143 88 114 115 76 61 119
170 26 199 96 166 158 234 185 23 187 153 200 195 174 169 123 211 169 193 12 49 209 77 61 244 82 56 187 151 168 62 56 97 48 114 186 25 191 73 77 173 167 158 121 122 165 62 201 45 118 164 30 40 92 55 87 160 178 133 57 214 189 164 152 111 86 151 111 187 138 97 21 114 114 130 162 94 224 173 86 35 0 146 112 84 100 154 114 161 34 180 168 154 173 142 97 72 74 51 211 103 110 22 123 85 108 192 44 74 67 186 185 49 171 184 166 169 108 82 178 51 148 54 121 81 80 70 133
143 120 220 66 247 81 208 190 141 125 94 191 145 98 130 102 182 248 112 156 112 185 156 93 216 109 140 47 47 243 205 91 55 158 157 41 150 167 213 156 189 189 257 38 116 140 145 135 107 41 251 167 134 156 94 74 34 96 75 92 167 44 18 132 53 134 7 204 57 193 189 166 49 32 146 20 130 208 110 229 139 146 0 61 222 85 205 193 68 174 95 246 163 173 11 180 207 80 154 196 52 37 125 25 181 211 114 190 141 141 196 74 125 240 50 212 275 175 68 93 112 11 186 252 169 215 200 253
179 91 245 79 250 128 248 219 99 171 135 225 190 147 169 129 222 251 164 123 66 223 151 81 257 51 87 108 99 248 174 60 24 140 167 99 125 204 185 99 213 211 252 70 139 175 91 184 87 20 252 124 86 158 59 79 93 147 111 56 211 91 75 164 77 74 60 199 118 203 183 128 76 41 166 66 138 245 155 198 119 112 61 0 195 25 217 193 119 144 147 250 188 202 51 177 182 38 102 232 67 36 94 55 124 202 165 151 84 135 223 132 75 247 111 227 267 178 64 144 65 55 139 231 112 190 177 238
196 105 188 161 120 210 244 189 103 226 200 208 226 222 202 165 227 124 239 73 133 223 88 130 253 165 132 257 215 126 24 137 179 68 124 259 73 210 12 146 174 165 99 191 157 192 135 238 116 200 114 85 120 101 137 153 229 228 187 139 239 266 240 181 178 164 228 77 253 124 74 74 182 192 148 240 123 230 216 16 84 84 222 195 0 184 136 93 219 51 230 124 166 183 220 84 16 157 120 219 173 189 102 197 141 65 237 58 149 94 187 244 131 132 252 148 100 101 155 228 135 226 93 39 143 10 25 60
194 84 254 91 250 147 263 230 83 190 153 238 207 166 185 141 237 252 184 112 51 238 151 84 273 28 66 132 120 249 162 56 38 136 173 124 117 219 173 75 223 220 250 89 150 189 69 203 86 44 251 107 68 160 53 90 116 167 128 51 229 115 100 178 94 50 85 198 141 207 182 113 93 62 175 91 144 259 174 185 115 100 85 25 184 0 222 193 140 134 167 251 198 214 75 177 172 35 82 246 82 55 85 76 100 199 185 136 61 136 234 154 57 250 135 233 263 180 73 164 50 79 119 221 88 180 169 231
93 149 52 143 52 145 114 60 176 133 129 80 121 145 107 105 105 50 154 148 186 99 77 138 122 219 207 216 171 44 144 167 194 107 50 225 129 93 139 230 45 37 77 168 91 92 214 140 139 208 60 179 190 64 171 140 191 151 135 173 125 243 217 89 153 233 213 60 203 16 64 164 157 188 61 225 79 99 132 152 120 154 205 217 136 222 0 45 161 138 154 48 55 63 209 59 125 187 205 91 158 190 151 183 239 72 151 169 224 90 56 181 195 38 206 13 99 46 154 154 189 215 200 129 234 127 117 108
114 114 96 127 57 149 152 97 137 150 135 116 144 154 124 103 138 59 168 106 151 133 42 112 161 186 169 213 167 56 99 137 170 66 44 220 89 122 95 191 82 73 65 155 90 110 175 160 108 187 59 136 152 37 141 121 185 161 132 143 153 234 207 103 140 197 200 19 203 32 20 122 144 170 68 213 63 138 144 108 83 114 193 193 93 193 45 0 162 94 163 57 78 94 195 17 81 159 165 128 142 170 115 168 198 32 165 125 187 58 95 186 159 57 204 57 84 18 132 162 154 201 157 92 194 83 73 76
82 136 164 66 210 17 141 132 166 57 33 129 78 30 67 60 116 209 45 167 145 120 136 100 149 158 177 56 21 203 207 118 102 152 120 68 154 103 212 199 134 136 226 51 73 80 184 68 116 99 216 188 165 129 123 74 37 29 32 122 99 90 69 75 52 182 74 178 42 152 166 182 51 78 101 81 102 143 43 230 139 161 68 119 219 140 161 162 0 179 28 207 110 115 77 154 203 119 188 132 64 84 141 64 221 188 46 204 185 126 138 25 160 199 46 165 246 144 83 25 147 79 212 240 210 210 194 234
173 55 187 117 141 173 231 179 54 196 165 196 200 187 175 132 210 144 206 22 82 207 67 83 240 116 86 212 172 144 31 87 128 35 107 212 25 191 40 104 165 157 129 145 127 168 90 209 68 149 138 44 72 83 86 108 184 192 148 88 217 217 192 156 133 117 179 87 209 123 75 29 137 143 128 191 95 219 183 55 40 34 174 144 51 134 138 94 179 0 194 144 150 169 171 79 39 106 77 207 127 139 51 149 106 81 204 32 104 64 179 204 82 148 207 151 138 93 107 192 85 177 62 88 104 46 37 101
65 155 148 87 205 22 117 116 187 32 30 109 54 9 50 65 93 204 17 184 169 98 143 120 124 184 201 75 49 197 220 141 129 164 119 89 169 83 224 223 121 125 225 78 75 65 208 41 135 127 212 208 188 134 146 95 63 3 47 146 74 112 95 65 77 208 101 181 58 148 170 201 76 105 97 108 108 121 23 242 154 180 95 147 230 167 154 163 28 194 0 202 100 101 105 158 213 145 211 111 89 112 160 91 245 192 18 221 210 135 122 31 184 192 64 156 246 145 106 3 171 107 232 247 234 220 205 238
142 171 85 181 5 192 155 104 191 181 176 123 169 193 155 149 150 2 202 159 208 143 100 169 161 243 224 261 215 5 139 194 227 121 90 269 143 140 131 245 91 83 36 208 135 140 230 188 165 244 15 187 207 92 198 176 235 199 179 200 171 286 259 137 193 253 253 57 249 55 71 173 197 225 106 266 116 139 180 139 139 168 246 250 124 251 48 57 207 144 202 0 103 110 249 74 118 216 218 133 196 226 171 222 249 63 199 171 242 115 99 228 215 13 251 51 55 72 188 202 211 255 205 104 247 117 113 78
38 141 58 109 107 94 81 33 172 78 77 46 67 91 52 61 62 106 99 152 172 57 83 117 90 201 199 166 123 99 166 148 164 115 43 177 132 44 165 224 26 27 130 127 49 37 206 85 124 175 115 183 182 67 153 109 143 97 88 154 75 196 172 35 114 220 170 97 151 53 93 170 117 152 24 181 60 70 77 180 119 154 163 188 166 198 55 78 110 150 100 103 0 19 169 81 151 164 202 57 122 155 144 144 238 110 95 182 214 87 36 128 184 93 156 56 152 65 125 100 175 173 207 170 231 156 142 153
36 159 48 124 115 99 62 17 191 74 83 27 59 92 51 74 44 113 97 171 190 39 102 135 71 219 218 171 130 106 184 165 179 134 62 183 151 30 183 242 21 27 141 139 64 36 225 78 142 188 123 202 201 86 170 124 150 98 98 172 62 204 181 41 127 238 180 112 156 65 110 189 130 165 43 191 79 50 78 198 138 173 173 202 183 214 63 94 115 169 101 110 19 0 180 99 169 181 221 38 136 169 162 156 256 125 93 201 233 107 22 131 203 99 161 60 162 82 140 102 193 184 226 185 249 173 160 167
151 116 227 68 250 90 216 197 135 134 102 199 154 108 138 108 191 251 122 152 105 193 156 91 225 100 132 57 57 246 201 86 48 156 160 49 147 175 210 148 195 195 258 42 121 148 137 145 104 32 254 161 127 158 88 74 45 106 82 87 176 47 25 139 57 125 10 206 67 197 190 161 53 28 151 21 133 216 119 226 137 142 11 51 220 75 209 195 77 171 105 249 169 180 0 181 205 73 147 204 53 32 121 26 172 211 123 185 133 141 202 85 118 244 60 217 276 178 66 102 105 6 180 251 161 212 198 253
114 97 108 113 74 142 160 105 120 148 128 123 144 149 122 95 143 75 164 90 134 138 26 96 169 169 152 203 157 73 88 120 154 49 41 209 72 126 85 174 90 81 77 142 83 110 158 158 91 172 75 120 135 25 124 107 175 155 123 126 156 222 195 101 127 180 187 25 193 44 12 106 132 156 66 199 53 146 140 100 65 97 180 177 84 177 59 17 154 79 158 74 81 99 181 0 71 142 148 135 128 156 98 155 181 34 161 110 170 42 103 178 141 74 195 71 95 17 117 157 137 187 141 91 178 75 62 80
181 91 177 145 115 194 230 175 93 210 184 194 210 206 186 149 213 118 223 61 121 208 72 114 239 154 124 241 199 120 21 123 165 51 109 243 58 195 14 140 161 152 97 175 141 176 127 222 100 185 110 78 110 86 124 136 213 211 171 126 224 251 224 166 161 155 213 66 236 112 61 65 165 177 133 225 107 217 199 29 68 72 207 182 16 172 125 81 203 39 213 118 151 169 205 71 0 144 113 206 157 174 88 182 137 56 221 55 141 78 174 228 121 125 235 137 102 87 139 212 123 211 90 49 138 8 9 63
163 52 220 62 216 124 233 197 63 164 127 206 179 143 156 110 207 217 161 85 32 207 116 49 242 40 61 126 103 214 136 22 26 103 138 121 87 188 146 80 189 186 216 69 118 159 66 178 51 45 217 89 54 125 20 58 104 145 102 18 201 119 98 147 69 63 83 163 131 172 148 91 69 49 141 93 109 227 148 160 82 74 80 38 157 35 187 159 119 106 145 216 164 181 73 142 144 0 74 214 57 43 55 62 103 165 162 115 65 101 200 138 45 215 126 198 230 145 42 142 32 79 107 192 92 151 139 200
213 62 249 123 217 189 279 234 30 224 187 247 235 207 210 162 255 219 226 59 43 254 128 93 289 55 16 200 173 219 96 70 99 99 164 195 77 236 109 27 222 216 206 140 164 208 16 238 80 117 214 35 22 143 65 116 177 210 164 66 255 192 171 195 135 45 157 161 204 189 148 48 137 123 177 166 141 270 209 116 85 51 154 102 120 82 205 165 188 77 211 218 202 221 147 148 113 74 0 258 124 117 58 135 36 157 225 63 30 117 235 209 29 221 200 217 214 159 105 208 42 152 38 159 30 119 113 177
53 196 52 155 138 116 24 31 228 79 102 12 58 104 66 104 21 136 101 209 226 14 140 170 34 253 254 186 150 128 222 200 209 172 100 199 189 29 220 279 47 56 167 165 97 57 261 77 179 216 148 240 238 124 205 157 169 109 123 206 46 221 201 68 155 273 203 146 168 97 145 227 157 193 81 212 117 13 89 235 176 211 196 232 219 246 91 128 132 207 111 133 57 38 204 135 206 214 258 0 165 198 200 182 294 159 97 239 269 145 35 142 239 121 175 83 188 118 173 112 229 207 264 219 286 210 197 198
113 77 180 15 197 67 182 153 104 108 71 158 125 86 103 62 156 198 105 111 82 157 104 44 191 96 114 85 49 193 157 54 44 107 108 86 102 138 165 135 148 147 206 18 73 108 120 122 59 52 201 128 102 105 59 22 57 88 46 59 146 95 68 97 12 119 58 153 84 145 138 124 13 30 102 71 80 178 92 181 89 103 52 67 173 82 158 142 64 127 89 196 122 136 53 128 157 57 124 165 0 33 82 27 157 159 105 147 121 89 157 85 97 192 81 166 223 125 21 86 84 59 150 201 146 165 150 202
145 85 213 47 227 93 213 186 104 136 100 191 154 112 134 95 187 228 129 120 74 189 130 62 222 76 103 83 65 224 170 54 19 127 140 79 116 170 179 121 181 180 233 34 106 140 109 149 74 19 230 130 96 134 57 50 62 112 76 55 176 79 55 130 43 100 41 179 89 176 164 129 41 7 135 52 111 210 120 194 107 110 37 36 189 55 190 170 84 139 112 226 155 169 32 156 174 43 117 198 33 0 89 21 145 184 130 153 106 115 190 99 88 222 84 199 249 154 38 109 75 38 149 221 134 182 168 224
156 5 192 75 170 138 221 176 29 170 134 189 179 155 153 106 198 172 174 31 37 196 74 40 231 72 57 165 130 170 81 36 77 51 107 164 32 178 91 81 165 159 166 99 107 151 64 183 25 98 169 48 39 87 35 66 139 159 113 38 198 168 143 138 90 82 130 115 165 135 100 42 93 93 119 141 83 212 155 106 32 22 125 94 102 85 151 115 141 51 160 171 144 162 121 98 88 55 58 200 82 89 0 101 94 115 173 66 73 61 178 164 44 172 162 163 178 105 61 158 40 127 72 137 87 96 84 146
129 96 202 42 224 73 196 173 120 117 82 176 136 92 117 83 170 224 108 132 92 173 131 68 205 97 122 65 44 220 180 69 40 132 134 63 125 154 188 141 170 170 232 17 96 125 128 129 82 36 227 145 114 132 72 48 42 92 60 71 158 69 43 116 31 121 32 179 69 170 164 143 27 14 126 45 107 195 101 204 114 123 25 55 197 76 183 168 64 149 91 222 144 156 26 155 182 62 135 182 27 21 101 0 165 186 109 167 127 116 178 78 107 217 64 191 250 151 43 89 93 32 165 227 154 189 175 228
249 98 284 157 247 223 315 269 65 259 222 283 271 241 246 198 292 249 260 91 76 290 162 128 325 73 43 228 205 250 118 104 126 132 199 222 110 272 130 25 258 252 234 171 200 244 37 273 116 141 243 62 57 178 98 150 207 244 199 98 291 215 197 231 168 52 182 192 234 223 179 77 170 152 213 190 177 306 244 133 120 85 181 124 141 100 239 198 221 106 245 249 238 256 172 181 137 103 36 294 157 145 94 165 0 187 260 83 40 152 271 241 60 253 229 251 239 193 138 242 74 177 48 180 12 142 139 200
145 116 124 145 60 176 184 128 131 180 162 148 175 183 155 129 170 63 197 98 152 164 55 123 192 187 164 236 190 64 77 143 181 63 73 241 84 154 69 184 113 104 51 174 117 142 169 191 115 200 57 125 148 59 146 137 208 189 156 148 185 253 227 133 159 194 218 13 227 62 22 110 163 185 98 230 87 169 173 81 84 108 211 202 65 199 72 32 188 81 192 63 110 125 211 34 56 165 157 159 159 184 115 186 187 0 194 107 182 70 125 212 156 69 228 84 65 47 146 191 155 218 142 60 185 57 50 46
58 169 139 102 202 38 101 107 201 19 39 98 40 19 43 72 79 201 4 196 184 84 149 134 108 201 217 91 67 194 229 156 146 172 121 105 180 71 232 239 113 119 224 95 80 59 223 23 148 145 210 221 203 138 162 110 81 18 61 162 57 129 113 63 93 224 119 183 73 146 173 212 92 123 97 126 114 106 21 249 164 192 114 165 237 185 151 165 46 204 18 199 95 93 123 161 221 162 225 97 105 130 173 109 260 194 0 232 226 143 113 46 200 189 80 151 245 147 122 21 187 125 245 252 250 227 212 240
204 71 218 139 168 200 263 211 53 226 193 228 231 215 206 161 242 171 234 37 86 239 99 104 272 113 77 231 195 172 35 99 140 67 140 230 53 223 47 88 197 189 152 165 157 199 79 239 88 160 163 29 68 115 97 130 205 219 174 99 248 232 208 187 155 108 194 115 231 154 105 24 158 158 160 206 126 251 212 53 68 44 190 151 58 136 169 125 204 32 221 171 182 201 185 110 55 115 63 239 147 153 66 167 83 107 232 0 93 96 211 228 79 176 228 182 157 125 126 219 87 191 35 97 85 59 58 117
221 75 265 124 240 188 289 247 51 227 189 259 240 207 216 168 264 243 226 84 43 264 147 99 299 33 18 189 168 242 125 71 87 121 180 182 99 245 138 15 237 232 232 134 172 216 14 241 90 101 238 64 35 161 65 118 168 209 165 65 261 175 158 203 133 16 143 185 195 208 171 76 134 113 190 150 155 282 211 145 105 74 141 84 149 61 224 187 185 104 210 242 214 233 133 170 141 65 30 269 121 106 73 127 40 182 226 93 0 134 249 204 30 244 190 236 241 178 104 207 40 137 66 188 28 147 141 204
109 59 132 75 115 116 168 118 87 134 106 134 136 128 111 71 146 117 145 65 96 143 16 54 178 130 118 168 124 114 86 79 113 30 47 173 45 127 89 141 106 99 118 105 64 104 124 146 50 131 116 95 100 26 83 67 140 133 93 85 153 184 157 92 90 143 148 65 162 74 49 82 94 115 64 160 31 157 122 106 32 67 141 135 94 136 90 58 126 64 135 115 87 107 141 42 78 101 117 145 89 115 61 116 152 70 143 96 134 0 119 151 105 114 162 102 135 45 76 134 99 148 119 115 147 85 69 113
57 175 26 144 104 121 59 6 206 94 105 24 76 114 72 95 51 101 116 183 207 44 112 153 67 237 234 194 153 94 191 183 199 144 72 205 163 44 188 258 14 22 132 161 84 58 241 96 159 209 113 214 217 96 188 144 173 119 120 190 73 226 203 64 148 255 203 112 178 63 113 201 151 187 60 213 95 43 99 202 151 186 196 223 187 234 56 95 138 179 122 99 36 22 202 103 174 200 235 35 157 190 178 178 271 125 113 211 249 119 0 153 219 87 183 49 153 87 160 123 210 206 238 184 264 177 165 164
96 159 179 89 231 37 147 146 189 63 52 141 85 39 80 84 124 231 43 191 166 129 161 124 154 175 198 45 36 224 232 139 118 177 143 60 178 114 237 218 150 154 249 70 96 95 204 69 140 112 238 212 187 154 144 98 40 34 57 143 103 83 70 93 75 199 79 202 27 174 190 206 72 93 122 83 126 151 54 254 164 185 74 132 244 154 181 186 25 204 31 228 128 131 85 178 228 138 209 142 85 99 164 78 241 212 46 228 204 151 153 0 181 220 34 184 270 168 105 30 168 85 235 265 230 235 219 258
192 46 235 97 213 162 260 217 28 199 162 229 212 181 187 139 235 215 200 60 15 234 118 70 269 34 17 171 145 214 108 43 70 94 150 166 72 215 119 40 207 202 207 112 143 187 24 213 60 88 212 50 11 131 38 90 148 183 138 38 232 163 143 174 108 38 128 158 176 179 143 58 110 94 160 137 125 252 184 130 76 49 125 75 131 57 195 159 160 82 184 215 184 203 118 141 121 45 29 239 97 88 44 107 60 156 200 79 30 105 219 181 0 216 171 207 218 149 78 182 13 123 63 169 50 128 119 183
131 171 72 176 18 183 142 92 193 171 167 111 158 183 145 142 137 15 192 162 208 130 99 166 148 243 226 253 208 8 146 193 224 123 84 262 145 128 138 248 79 72 49 202 128 130 232 177 164 240 28 191 209 90 197 172 228 190 172 199 159 279 253 127 187 254 248 61 240 47 74 177 191 221 98 260 111 126 170 148 140 171 240 247 132 250 38 57 199 148 192 13 93 99 244 74 125 215 221 121 192 222 172 217 253 69 189 176 244 114 87 220 216 0 244 39 68 69 185 192 212 249 210 115 250 125 120 89
126 157 209 90 254 62 181 177 183 96 78 173 118 71 111 103 157 253 77 192 156 162 174 124 188 159 187 11 38 248 237 132 102 184 163 25 182 146 244 205 179 182 269 63 117 125 192 103 140 91 259 208 178 170 136 100 23 66 73 135 137 49 40 121 74 183 52 219 8 197 206 205 71 77 146 52 142 185 86 260 169 184 50 111 252 135 206 204 46 207 64 251 156 161 60 195 235 126 200 175 81 84 162 64 229 228 80 228 190 162 183 34 171 244 0 210 289 186 102 62 158 58 229 277 217 243 228 273
93 161 40 152 55 149 106 54 188 133 133 73 119 147 108 110 99 53 154 160 197 92 90 149 113 230 219 220 176 46 157 178 203 119 60 230 141 89 151 243 40 33 83 175 97 92 226 138 150 217 65 191 202 76 182 149 196 153 140 184 120 249 223 91 160 245 220 72 206 28 77 177 164 196 66 231 89 90 133 164 132 166 212 227 148 233 13 57 165 151 156 51 56 60 217 71 137 198 217 83 166 199 163 191 251 84 151 182 236 102 49 184 207 39 210 0 104 59 163 156 200 222 213 140 247 139 130 117
190 180 140 209 50 233 210 158 191 229 218 177 219 237 203 187 203 53 248 158 215 197 120 188 216 250 223 297 251 60 122 208 246 127 127 304 147 192 110 241 144 135 22 238 174 188 228 237 180 265 40 180 208 120 210 202 269 243 216 213 223 317 290 183 223 254 282 71 287 99 86 166 227 250 149 295 147 194 225 112 148 169 275 267 100 263 99 84 246 138 246 55 152 162 276 95 102 230 214 188 223 249 178 250 239 65 245 157 241 135 153 270 218 68 289 104 0 103 211 245 218 282 192 67 240 98 101 41
98 104 93 110 73 131 143 88 130 133 116 107 128 136 107 84 126 74 150 102 141 121 31 97 152 175 161 194 148 70 104 124 155 61 26 202 83 109 101 184 73 65 83 137 72 95 168 143 95 171 76 133 144 20 128 104 167 143 113 130 139 216 189 86 122 188 182 35 184 30 28 118 126 153 51 195 45 129 126 116 74 108 175 178 101 180 46 18 144 93 145 72 65 82 178 17 87 145 159 118 125 154 105 151 193 47 147 125 178 45 87 168 149 69 186 59 103 0 116 144 144 183 155 106 188 91 79 93
121 56 181 20 189 85 191 157 83 123 85 164 137 103 114 68 165 190 122 90 63 165 92 25 200 82 95 105 70 186 137 35 40 90 103 105 82 146 145 117 150 148 194 38 77 117 102 137 39 55 191 107 82 96 40 16 78 106 61 40 159 112 85 105 31 104 74 141 105 139 125 103 33 39 102 86 74 186 107 161 71 82 68 64 155 73 154 132 83 107 106 188 125 140 66 117 139 42 105 173 21 38 61 43 138 146 122 126 104 76 160 105 78 185 102 163 211 116 0 104 65 73 129 184 128 147 132 186
66 153 149 85 205 20 119 117 185 34 28 111 56 9 51 63 95 204 20 182 166 100 142 118 127 181 199 73 46 197 219 138 126 162 119 87 167 84 223 221 121 125 224 75 74 66 205 43 133 124 212 206 186 133 144 93 60 4 45 144 76 110 93 65 74 205 98 180 56 148 169 198 73 103 97 105 106 122 24 240 152 178 93 144 228 164 154 162 25 192 3 202 100 102 102 157 212 142 208 112 86 109 158 89 242 191 21 219 207 134 123 30 182 192 62 156 245 144 104 0 169 104 230 246 232 219 203 237
181 40 227 84 210 149 249 208 34 187 150 219 200 168 175 128 224 212 187 63 3 223 113 59 259 32 30 158 132 210 112 31 58 92 142 153 71 204 124 52 198 193 206 98 132 176 37 201 51 76 209 59 22 125 25 78 135 170 126 25 221 151 130 163 95 45 115 155 162 173 140 64 97 81 151 125 116 242 171 136 72 51 112 65 135 50 189 154 147 85 171 211 175 193 105 137 123 32 42 229 84 75 40 93 74 155 187 87 40 99 210 168 13 212 158 200 218 144 65 169 0 111 75 172 63 131 120 184
154 123 231 74 256 93 219 201 141 136 105 202 157 109 141 113 194 256 123 158 110 196 163 98 228 105 137 54 59 252 208 92 53 163 166 45 153 178 217 152 199 199 264 47 126 151 142 147 111 36 259 167 132 164 94 80 45 108 86 93 178 41 21 143 62 129 6 212 66 202 196 167 58 34 156 14 139 219 121 232 143 148 11 55 226 79 215 201 79 177 107 255 173 184 6 187 211 79 152 207 59 38 127 32 177 218 125 191 137 148 206 85 123 249 58 222 282 183 73 104 111 0 185 257 165 219 205 259
224 77 248 146 202 210 287 237 46 241 206 253 249 227 224 177 265 205 246 55 75 262 126 112 297 93 54 231 200 206 70 97 132 94 166 227 74 245 82 58 224 217 187 167 176 219 53 255 97 151 198 25 53 142 93 137 206 231 185 94 268 226 204 207 160 81 189 149 233 185 137 37 163 154 183 199 148 276 226 85 88 54 186 139 93 119 200 157 212 62 232 205 207 226 180 141 90 107 38 264 150 149 72 165 48 142 245 35 66 119 238 235 63 210 229 213 192 155 129 230 75 185 0 131 52 94 93 152
205 140 180 188 99 230 243 187 141 239 218 207 235 239 213 183 230 103 254 110 170 224 105 159 251 203 171 283 239 108 63 171 213 94 132 287 106 214 51 185 172 163 72 218 173 201 174 249 147 233 91 124 159 114 172 180 255 245 208 174 245 296 269 192 204 203 258 73 277 121 79 113 208 223 157 271 140 228 230 47 114 121 252 231 39 221 129 92 240 88 247 104 170 185 251 91 49 192 159 219 201 221 137 227 180 60 252 97 188 115 184 265 169 115 277 140 67 106 184 246 172 257 131 0 182 42 53 28
241 90 279 147 245 212 308 263 59 250 213 276 262 231 237 189 284 247 250 88 65 282 157 119 318 61 33 216 194 247 120 94 115 129 193 210 106 264 132 13 252 246 233 160 192 236 26 263 108 129 242 60 49 172 88 141 195 233 189 88 282 203 186 223 158 40 170 190 222 219 177 75 159 140 206 178 170 299 234 137 115 81 169 112 143 88 234 194 210 104 234 247 231 249 161 178 138 92 30 286 146 134 87 154 12 185 250 85 28 147 264 230 50 250 217 247 240 188 128 232 63 165 52 182 0 143 139 201
186 99 179 153 114 201 234 179 100 216 190 198 216 212 192 156 217 117 229 68 129 213 78 122 243 161 130 249 206 119 24 131 173 59 114 251 66 200 13 146 164 155 94 182 147 182 134 228 108 193 108 84 117 91 131 144 220 218 178 133 229 258 232 171 169 162 220 68 244 115 64 72 173 184 138 233 113 220 206 25 76 80 215 190 10 180 127 83 210 46 220 117 156 173 212 75 8 151 119 210 165 182 96 189 142 57 227 59 147 85 177 235 128 125 243 139 98 91 147 219 131 219 94 42 143 0 16 58
172 87 169 138 110 185 222 167 91 201 175 186 201 197 177 140 204 113 214 58 118 200 63 107 231 152 123 233 191 115 27 118 159 43 100 236 53 186 22 140 152 144 94 167 132 167 127 213 94 180 105 79 109 77 119 129 205 202 162 121 215 244 218 157 154 154 206 60 228 104 53 65 158 170 124 218 98 208 190 38 61 70 200 177 25 169 117 73 194 37 205 113 142 160 198 62 9 139 113 197 150 168 84 175 139 50 212 58 141 69 165 219 119 120 228 130 101 79 132 203 120 205 93 53 139 16 0 64
190 148 157 187 73 222 222 167 155 226 208 187 220 229 200 175 211 76 243 122 181 205 99 162 230 216 187 280 235 81 82 178 218 98 119 285 114 197 70 203 152 143 45 217 163 187 191 236 152 238 64 142 173 105 180 180 252 235 202 182 228 296 269 179 203 218 260 58 272 102 68 129 207 226 144 272 132 207 219 71 119 133 253 238 60 231 108 76 234 101 238 78 153 167 253 80 63 200 177 198 202 224 146 228 200 46 240 117 204 113 164 258 183 89 273 117 41 93 186 237 184 259 152 28 201 58 64 0
