-1 28 79 130 183 50 120 192 139 73 67 43 173 97 133 173 121 156 89 148 231 170 38 229 134 192 17 167 77 119 243 69
130 -1 122 156 128 243 79 97 200 193 142 172 135 197 158 23 20 123 171 64 113 234 107 21 122 33 166 60 207 95 89 55
186 167 -1 38 18 217 81 57 141 133 176 92 49 112 216 37 47 79 96 216 25 100 69 68 105 243 26 51 126 234 62 78
223 232 168 -1 196 101 229 43 145 107 182 163 142 239 83 41 254 103 255 130 189 135 127 125 56 71 19 202 38 245 126 121
30 51 193 194 -1 185 28 176 236 90 44 242 45 190 96 111 243 192 154 2 191 166 55 21 112 64 227 94 188 27 9 226
94 24 174 168 13 -1 197 50 55 125 95 126 233 29 237 169 92 243 70 7 159 119 67 251 188 82 86 45 177 9 211 43
110 70 22 209 68 20 -1 52 163 22 2 51 103 246 189 102 130 233 238 201 233 147 30 157 73 2 91 241 138 216 9 16
42 123 167 77 6 42 168 -1 112 5 202 164 77 228 201 103 178 64 75 70 76 129 186 119 94 225 3 48 164 148 108 180
109 164 254 13 219 131 171 40 -1 137 119 14 237 92 10 60 9 154 97 94 153 126 179 194 77 64 122 92 231 28 233 57
1 158 16 128 213 163 209 227 125 -1 32 206 230 182 198 236 136 159 83 207 58 175 72 157 247 241 229 90 173 166 211 64
129 116 249 66 73 252 79 111 100 82 -1 222 174 67 62 11 157 182 181 31 66 223 149 163 193 132 24 188 142 133 208 151
12 14 46 111 54 89 189 53 245 163 34 -1 58 150 222 215 52 241 61 226 31 253 82 226 47 220 169 59 13 236 80 79
175 8 66 13 204 151 60 89 123 237 137 242 -1 61 19 23 189 135 175 176 22 168 60 196 175 18 20 173 181 126 51 138
83 90 97 221 203 115 221 34 203 144 132 98 9 -1 156 206 26 58 141 144 40 20 115 151 115 70 238 54 165 39 219 59
106 1 204 1 215 221 212 127 102 167 149 46 35 180 -1 252 139 143 78 81 178 153 81 157 75 182 12 135 35 116 204 8
6 189 152 151 205 218 6 188 164 240 122 210 37 11 228 -1 161 239 73 110 33 66 87 118 45 146 110 208 177 227 243 151
35 171 123 41 99 74 161 50 52 144 216 167 45 100 214 246 -1 23 163 157 219 172 61 105 9 251 87 26 139 217 126 132
220 182 148 33 199 225 70 140 22 10 234 13 77 148 163 78 55 -1 55 240 124 144 120 67 230 10 18 148 92 125 109 169
177 127 6 3 123 115 168 129 237 170 234 98 32 48 176 247 208 250 -1 240 194 159 33 144 102 90 165 252 80 225 233 172
137 189 53 114 35 223 24 249 40 70 164 105 226 63 24 231 40 97 252 -1 178 82 228 218 52 238 201 143 203 139 208 196
44 144 20 226 97 132 7 99 10 41 244 234 87 57 98 66 249 88 211 42 -1 85 28 168 2 130 49 72 131 108 122 223
205 155 100 247 97 113 217 179 90 13 9 121 71 85 44 62 189 128 127 169 233 -1 58 122 19 64 51 217 46 113 127 214
128 193 110 210 18 47 166 197 139 62 129 213 95 247 12 215 236 246 22 156 222 87 -1 122 46 188 171 123 139 132 100 188
17 214 138 80 162 122 88 145 129 132 210 117 30 13 213 16 222 213 95 134 81 95 41 -1 244 75 102 126 131 166 215 133
226 138 157 6 41 77 154 202 141 102 7 225 156 121 125 229 16 17 21 118 44 115 31 122 -1 30 191 246 245 38 185 14
62 200 159 165 205 45 65 164 188 16 114 135 231 74 246 105 147 166 46 57 111 104 94 188 54 -1 147 130 43 156 25 5
155 73 115 9 124 223 162 25 12 237 138 97 120 171 197 222 15 132 59 181 50 63 226 20 226 216 -1 43 132 139 69 178
199 68 158 225 106 228 67 151 105 206 115 40 59 41 115 89 86 93 85 206 101 174 49 66 120 210 212 -1 124 248 63 195
117 158 161 243 185 35 120 133 175 253 46 49 127 135 53 240 4 196 235 52 72 60 81 226 193 110 252 167 -1 56 125 106
245 34 253 208 197 158 123 197 210 111 217 11 57 232 135 94 201 232 69 110 68 86 61 114 99 127 55 123 238 -1 60 84
234 95 196 132 130 193 166 107 70 193 33 235 94 130 77 100 31 142 251 111 148 154 181 126 99 236 59 213 34 205 -1 186
193 179 233 18 125 236 54 40 158 216 154 97 127 236 244 225 246 85 107 195 102 29 20 150 224 118 195 156 22 247 155 -1
