-1 187 183 123 29 93 61 137 224 237 105 137 114 127 234 118 43 140 88 159 126 116 43 137 127 231 163 234 122 122 160 181 136 234 14 29 234 131 61 203 34 155 177 121 47 67 71 140 58 6 29 5 38 147 222 151 74 32 197 183 150 43 6 116 84 222 243 205 84 19 101 190 14 244 230 182 179 86 250 181 110 250 202 131 214 170 140 236 205 241 161 121 162 107 247 124 31 142 105 38 224 139 189 149 116 206 118 56 236 237 203 148 200 215 249 168 136 222 132 119 177 21 48 123 172 150 79 139
199 -1 209 203 33 200 162 206 80 90 111 176 153 134 150 216 107 225 248 23 56 255 208 2 240 76 171 166 210 232 171 140 254 163 67 219 68 130 253 26 176 214 243 230 133 235 129 226 243 19 97 31 118 44 240 123 59 82 179 78 185 102 222 215 60 46 246 62 132 195 35 61 17 40 33 101 176 230 19 26 137 145 7 94 84 72 146 110 35 181 231 40 12 145 235 151 50 241 47 57 206 230 239 102 126 72 174 122 54 177 37 245 245 178 86 204 6 167 65 183 133 159 192 61 185 59 229 163
220 111 -1 198 93 58 245 18 144 32 13 183 55 173 163 127 248 9 148 46 90 114 5 209 26 170 130 128 102 79 151 234 219 212 210 38 185 225 24 56 238 228 20 213 106 12 187 59 193 214 104 123 67 47 150 61 188 128 198 139 140 206 76 198 54 13 117 173 60 192 225 56 129 88 57 108 164 176 118 92 226 35 53 79 56 140 165 28 121 92 233 33 64 62 180 124 170 202 202 216 173 73 41 53 159 16 131 140 70 127 163 111 39 130 234 126 37 162 209 93 130 73 188 81 119 58 11 175
78 124 235 -1 238 154 11 154 225 223 117 141 250 79 69 240 142 25 171 211 246 78 161 77 115 91 48 185 77 225 59 201 52 49 109 189 191 7 45 24 24 90 212 235 204 31 62 244 25 39 60 161 174 139 80 102 205 190 245 63 166 134 127 209 192 4 126 243 61 74 156 249 188 182 138 3 118 238 248 102 198 215 36 197 164 106 94 116 218 36 129 52 6 156 234 32 226 41 83 248 44 132 136 158 49 165 135 103 25 99 138 187 88 110 83 65 108 124 168 172 111 165 145 171 161 15 149 10
203 41 168 25 -1 10 62 173 239 96 167 92 37 148 146 193 221 49 189 52 176 157 47 232 138 23 53 240 29 232 190 237 56 237 225 1 178 230 242 67 42 241 183 178 31 95 246 49 217 159 142 180 87 122 14 41 244 253 130 110 24 173 217 195 145 242 30 201 197 35 25 80 159 22 118 171 108 135 14 246 115 128 208 162 84 161 143 49 102 56 168 89 77 239 170 105 103 82 44 111 193 128 74 202 34 150 73 119 100 169 150 251 220 201 228 161 207 196 157 137 138 76 63 90 120 115 73 162
218 65 117 191 11 -1 187 234 60 29 170 43 253 69 141 189 121 153 215 195 194 111 162 120 158 126 194 101 162 177 125 198 119 147 196 176 176 99 244 233 157 122 156 252 72 39 115 84 205 43 254 171 104 141 113 42 87 58 41 213 147 124 79 92 57 169 212 170 244 49 60 85 191 215 148 39 36 84 60 227 60 248 214 165 127 237 155 48 154 170 172 208 105 84 19 111 125 214 119 71 109 226 103 174 4 52 239 100 119 51 112 17 115 255 170 18 206 117 40 246 43 66 186 204 105 102 90 96
29 38 81 144 184 159 -1 98 197 152 46 116 160 7 86 146 23 130 250 142 76 163 249 141 225 250 91 67 177 226 118 76 241 24 159 22 251 125 198 94 127 172 193 130 114 56 250 162 44 127 234 160 58 19 20 82 241 113 142 177 165 182 212 159 248 246 227 168 50 22 238 145 98 110 70 156 79 194 228 19 114 239 124 131 80 175 136 37 126 188 212 177 89 81 71 27 214 216 186 182 82 240 200 174 65 232 8 158 54 28 228 199 130 151 182 23 136 195 62 86 198 142 60 249 174 25 47 214
63 246 164 201 1 3 231 -1 82 196 5 147 205 254 213 138 8 153 142 88 93 64 103 13 65 100 115 198 3 246 235 6 123 128 15 244 196 10 120 44 55 141 32 180 177 86 206 24 214 159 40 120 121 218 46 138 10 254 34 18 32 119 188 225 21 69 143 182 87 25 58 192 40 112 60 6 250 192 243 129 31 230 136 4 88 236 59 242 97 206 118 235 121 159 185 182 240 76 252 4 30 228 18 114 168 47 171 197 239 166 116 135 49 101 238 156 61 250 143 110 250 114 190 171 117 105 17 34
62 111 238 87 70 17 189 217 -1 94 93 167 177 85 62 125 250 66 179 55 196 65 136 231 42 39 216 182 52 49 16 197 144 109 105 19 208 107 218 24 203 52 236 106 14 237 42 64 177 21 221 199 81 61 64 29 34 242 81 211 39 252 196 156 38 147 238 167 181 161 15 182 188 98 163 218 208 249 252 59 180 186 113 47 192 224 75 42 27 121 178 110 200 236 18 130 124 189 126 208 118 93 113 173 163 241 232 38 164 208 175 35 113 82 50 108 56 154 85 131 55 77 46 121 169 246 37 190
117 179 3 99 249 73 227 51 39 -1 105 186 51 44 51 75 116 105 146 219 101 194 237 76 67 9 105 49 161 71 165 98 81 144 199 183 146 43 137 164 86 88 29 235 118 89 64 3 48 136 100 166 58 213 237 119 205 70 78 215 82 115 114 9 62 247 240 34 36 126 210 51 79 121 161 19 25 131 152 139 228 37 10 119 112 180 188 22 107 164 78 198 223 156 203 6 220 219 73 215 65 143 175 201 241 163 232 210 76 57 98 182 28 147 165 41 119 128 2 142 36 54 127 236 232 116 9 73
84 167 87 37 26 181 85 157 99 135 -1 226 174 227 179 181 114 25 65 184 67 147 94 77 149 18 243 101 45 210 30 110 125 192 51 75 8 255 56 20 45 127 68 79 227 81 200 63 84 206 219 112 73 200 61 235 82 72 166 69 239 252 26 81 35 37 40 54 6 247 69 131 74 55 243 184 38 17 130 163 237 26 46 126 206 251 188 124 30 200 206 45 24 25 4 56 233 194 192 202 217 201 217 194 211 11 123 132 182 58 127 176 172 62 48 51 70 129 190 233 249 39 106 64 120 126 104 125
205 68 97 24 147 14 206 247 251 97 159 -1 143 79 116 29 171 148 84 119 25 234 44 186 207 107 118 194 53 107 54 115 196 93 7 200 72 241 140 54 59 175 166 181 255 66 145 235 244 102 112 16 78 26 215 255 87 249 18 112 84 161 167 198 203 67 10 246 75 171 53 114 254 208 196 216 218 195 76 26 233 214 160 175 47 64 103 45 51 54 61 165 138 74 162 101 249 112 220 57 162 83 198 8 108 87 82 124 63 127 45 18 208 141 235 148 200 230 218 230 33 83 243 176 181 246 91 192
136 107 16 205 251 182 229 155 10 105 79 27 -1 152 189 48 58 213 121 30 245 162 68 85 214 212 199 201 228 84 222 186 205 228 159 81 119 152 143 33 170 226 254 217 84 29 120 226 5 79 63 108 122 253 144 149 46 143 102 4 151 248 127 239 187 99 221 129 82 230 194 134 177 15 102 173 38 13 50 169 138 172 10 66 234 203 3 8 222 40 34 132 195 206 203 136 116 75 79 102 107 32 57 105 152 88 212 121 30 140 161 188 55 94 179 79 203 65 145 53 233 218 66 96 202 208 208 57
102 37 164 27 186 95 254 205 85 133 228 183 29 -1 245 10 84 234 72 23 196 149 29 12 188 136 174 21 192 29 128 109 42 161 3 43 110 212 149 80 70 178 16 22 72 252 159 46 61 177 136 221 10 125 157 198 31 36 171 180 233 55 196 219 120 239 42 125 46 66 74 142 149 228 35 163 126 165 102 210 92 166 248 74 246 145 128 54 191 202 169 21 51 243 201 63 17 228 83 55 63 26 97 53 193 120 27 107 140 237 174 85 253 219 39 119 245 189 139 148 228 185 226 90 129 92 138 211
46 245 159 105 101 12 185 154 145 6 96 67 214 232 -1 240 224 144 115 102 225 130 108 100 132 129 220 172 125 228 249 96 224 40 190 66 4 200 68 89 243 5 4 236 146 28 45 248 202 107 117 155 109 2 247 179 222 238 28 74 200 119 92 80 102 4 13 229 68 231 118 181 92 194 160 105 128 119 220 62 40 133 34 146 228 200 220 45 149 103 145 118 187 78 144 86 254 9 99 10 93 126 157 239 168 64 57 181 12 40 185 85 103 186 147 89 13 164 236 174 20 168 255 240 125 12 31 67
15 197 160 97 233 36 131 204 133 188 65 80 126 113 96 -1 26 55 95 155 95 122 184 45 159 116 189 99 53 93 234 24 34 187 192 171 83 247 18 118 42 124 55 96 33 195 118 243 82 56 49 147 3 62 161 60 106 2 5 133 101 224 173 192 160 45 218 166 58 186 126 253 69 138 117 128 47 107 216 98 61 109 161 18 175 136 78 104 178 135 80 42 140 255 111 233 2 128 20 185 222 187 180 135 45 30 223 248 109 79 231 216 14 65 185 85 70 132 218 158 81 96 191 211 249 41 211 225
90 103 27 179 122 209 147 7 39 215 112 174 54 178 199 227 -1 57 190 177 84 242 255 132 159 116 251 162 241 96 161 172 223 172 21 63 98 119 36 165 230 34 59 124 70 126 96 55 236 217 235 73 220 7 86 186 12 12 108 254 94 181 242 45 249 18 39 38 155 106 177 94 189 16 113 237 55 33 14 34 211 156 27 1 196 237 145 8 149 199 195 226 41 28 96 224 118 11 64 79 132 204 31 213 130 202 87 48 193 22 161 206 117 26 174 181 132 183 163 100 226 69 70 98 111 174 30 162
91 159 30 245 64 109 86 124 219 66 188 217 46 34 156 175 80 -1 85 164 98 57 178 125 77 211 143 236 208 90 248 227 30 145 179 121 178 170 8 116 117 15 160 38 250 56 209 228 212 163 206 215 34 236 118 36 158 165 66 109 248 48 12 146 3 32 102 153 69 237 62 111 2 91 16 153 172 141 107 154 97 44 27 143 42 89 184 150 227 205 214 253 22 87 12 242 19 242 13 72 55 126 231 220 72 84 144 150 143 65 26 149 216 188 2 75 39 20 254 250 205 12 199 61 49 155 251 188
210 35 103 27 81 165 169 94 103 185 124 23 39 188 101 93 220 151 -1 150 122 243 75 213 76 158 80 245 30 177 209 156 57 94 171 192 190 127 30 202 24 184 102 48 23 130 16 112 253 173 16 121 199 200 155 194 44 103 210 148 109 126 126 9 43 45 137 44 49 187 167 177 92 180 76 17 218 152 254 186 19 233 22 210 96 61 223 76 148 106 138 11 189 57 231 233 161 95 187 183 165 55 226 36 46 40 254 2 68 195 19 193 246 1 26 125 194 68 3 159 154 6 226 141 17 60 114 136
85 49 40 153 233 213 207 28 38 229 166 90 75 230 119 193 165 102 190 -1 178 232 209 226 72 91 82 155 203 130 189 22 254 121 244 56 211 177 120 83 19 189 83 110 14 65 158 202 24 85 249 167 183 102 68 239 200 66 79 234 5 140 18 211 82 1 101 57 121 159 16 60 91 242 54 243 15 209 93 154 139 20 158 25 136 230 128 44 88 112 69 226 71 69 55 143 69 11 88 142 103 110 223 109 26 138 104 14 79 56 148 169 30 20 47 27 73 134 185 68 63 186 22 211 50 84 113 2
118 227 157 237 103 123 14 95 250 205 182 143 86 51 192 20 144 187 183 87 -1 239 63 45 151 9 238 41 213 112 129 174 79 228 210 249 2 42 192 13 161 194 64 113 234 90 116 52 50 17 81 229 74 66 161 94 76 67 157 103 242 122 202 18 12 128 134 154 120 111 219 38 17 123 172 151 30 218 48 193 70 234 142 186 4 173 210 244 8 195 36 14 187 161 12 141 226 246 147 141 223 194 63 215 80 194 252 149 109 164 44 56 70 67 81 104 221 36 109 73 214 152 64 112 195 232 202 191
33 71 15 133 167 36 1 217 30 29 44 190 163 12 176 103 250 184 54 212 86 -1 212 180 186 79 212 30 235 217 78 42 202 114 99 70 201 103 130 73 62 178 139 203 108 130 29 253 201 173 101 174 96 179 43 1 102 187 20 18 108 223 98 37 12 98 24 245 63 120 169 101 141 202 210 213 29 188 93 32 133 56 55 83 226 186 138 239 57 73 177 216 245 69 139 152 238 110 171 213 11 128 243 203 201 218 247 128 94 64 201 134 250 193 204 249 108 49 3 43 85 36 145 12 203 16 98 243
130 231 11 31 63 243 23 24 195 198 188 138 210 140 125 102 247 214 180 67 166 157 -1 86 27 206 248 137 70 32 119 192 66 91 157 79 186 240 212 253 44 174 44 62 38 142 237 97 166 62 73 96 69 205 125 143 142 21 118 211 37 180 60 178 211 3 248 20 201 158 57 151 102 160 24 68 22 159 213 181 135 85 10 40 1 227 188 222 12 221 125 216 213 104 246 32 134 239 32 232 128 89 218 10 252 83 36 24 48 187 191 97 172 37 48 131 189 112 71 161 16 104 238 163 237 9 154 60
175 5 183 255 193 45 219 157 53 209 38 255 214 117 230 59 32 30 58 141 175 239 234 -1 144 110 18 175 239 38 200 21 40 208 21 126 218 209 177 148 12 109 143 169 250 82 27 40 6 14 23 126 130 138 23 186 184 207 124 240 188 161 122 216 185 26 7 100 205 46 121 216 223 71 207 60 97 33 91 174 162 197 248 252 232 33 197 172 163 1 178 79 82 112 178 194 95 185 240 239 12 45 91 221 43 176 81 248 27 80 84 132 203 111 13 81 235 5 99 220 107 160 180 56 157 6 207 191
205 221 187 102 247 191 212 173 107 43 97 55 238 48 7 124 189 33 63 12 69 216 176 230 -1 18 29 108 53 40 136 195 11 146 113 229 224 64 194 180 37 174 17 243 251 100 204 6 61 116 173 131 204 112 250 153 139 223 244 180 138 246 246 29 5 194 156 160 3 220 22 251 56 57 141 239 82 109 45 160 3 154 79 112 109 53 245 3 49 164 58 9 214 240 125 157 132 80 79 219 57 191 22 136 242 139 171 12 68 227 107 103 236 76 201 114 14 220 42 135 241 92 182 81 209 151 213 189
3 162 93 128 202 202 174 99 206 220 194 99 173 175 135 99 95 105 106 28 169 235 123 23 107 -1 210 59 109 224 189 41 87 95 200 247 23 7 101 183 65 163 75 206 177 71 125 158 100 130 52 90 6 51 103 125 45 119 165 134 220 125 27 233 62 244 210 145 40 215 195 218 205 110 75 166 81 1 211 140 122 24 115 52 104 88 111 37 84 38 173 38 204 37 151 130 238 159 94 55 216 254 123 184 150 209 86 183 81 25 173 31 109 90 200 162 175 132 153 59 233 178 129 157 193 222 154 53
209 132 193 241 211 110 88 122 145 12 240 55 60 127 137 94 170 199 177 45 179 253 42 120 62 53 -1 84 27 53 16 12 158 239 83 186 154 190 198 151 154 209 152 236 27 143 57 251 90 238 36 68 164 68 51 236 191 35 205 195 205 152 8 22 18 147 122 6 78 38 128 110 66 123 224 119 80 172 116 180 57 46 243 173 241 155 164 106 121 119 100 214 131 61 193 162 67 16 167 197 94 235 44 117 132 251 183 154 173 57 187 119 130 251 109 140 56 242 102 135 32 100 41 22 212 234 42 199
248 223 122 129 120 124 170 121 126 86 180 222 189 61 162 159 100 201 174 198 120 127 248 177 28 243 178 -1 202 61 88 100 1 127 192 226 235 115 40 40 243 42 218 40 66 212 197 43 99 119 226 255 236 2 40 236 185 108 6 4 74 205 28 193 91 242 112 45 140 142 215 248 125 1 226 123 150 78 122 200 136 221 79 82 172 18 140 107 28 42 194 124 92 187 50 110 14 41 238 7 117 25 241 150 168 59 158 191 82 153 58 223 56 100 212 10 238 59 225 109 61 159 173 155 226 178 190 76
124 220 217 63 207 138 6 183 221 98 57 15 47 105 117 169 133 245 238 78 93 104 218 88 53 100 233 87 -1 241 197 215 13 228 23 255 109 237 58 77 159 22 91 213 84 170 101 161 231 218 236 246 119 45 159 72 63 48 51 215 42 157 180 49 240 124 63 108 210 11 94 221 31 132 241 14 226 82 240 55 22 81 34 201 152 194 209 117 199 105 252 241 213 188 66 138 127 32 92 49 10 117 102 146 168 29 20 44 165 137 51 209 195 248 243 92 84 143 130 127 196 33 181 56 230 238 205 211
125 155 224 46 229 190 133 54 254 4 14 247 125 163 52 224 192 14 23 138 181 19 20 158 77 131 60 64 236 -1 135 222 74 131 84 25 158 177 193 26 123 175 153 152 11 97 17 97 134 196 6 99 98 135 194 14 47 83 103 147 160 16 21 218 210 96 252 191 106 129 71 10 69 233 19 219 216 245 29 112 84 168 99 149 94 80 16 31 244 197 224 145 72 14 133 106 68 219 74 215 146 109 59 44 183 233 252 237 58 229 62 54 109 64 182 66 239 220 93 254 158 163 169 124 175 247 221 233
126 33 105 225 230 245 229 131 110 43 186 202 170 156 120 12 206 5 3 92 99 4 10 161 171 169 173 130 240 190 -1 249 76 50 167 245 253 102 144 249 159 148 245 153 93 208 229 191 4 210 155 65 7 160 81 93 25 93 125 254 112 88 82 104 182 37 42 191 229 216 117 178 88 227 151 30 216 187 17 149 136 177 8 109 233 253 9 80 41 195 134 173 215 27 37 22 152 136 23 49 144 170 36 154 187 53 152 146 31 53 145 190 102 25 87 214 199 142 18 72 49 136 111 80 97 191 216 176
215 155 204 29 137 144 255 118 108 216 247 61 247 75 229 8 19 74 138 33 216 64 194 93 155 240 68 83 121 70 84 -1 158 114 131 65 11 151 103 142 17 138 38 98 122 69 125 231 100 175 67 12 226 140 143 107 8 130 40 159 91 37 226 103 196 86 12 115 103 36 249 3 154 36 114 216 5 220 254 32 158 127 228 109 199 81 46 193 87 31 157 16 143 82 29 93 157 155 253 31 6 107 247 233 44 112 49 123 241 227 149 93 236 173 8 171 148 206 188 231 220 111 126 55 36 210 72 88
211 52 82 140 167 15 37 56 225 253 185 44 157 235 144 61 192 99 121 113 62 10 99 86 204 133 226 77 243 101 113 167 -1 1 223 22 212 189 47 213 35 90 27 222 104 34 156 9 94 100 175 49 36 209 60 195 17 91 223 88 120 170 185 59 139 224 108 96 230 128 164 49 19 117 186 207 20 155 228 243 7 34 200 171 82 145 139 155 149 156 223 57 203 43 60 201 22 96 5 58 84 205 40 200 228 224 96 110 141 81 186 188 54 66 121 153 142 106 50 205 217 199 185 157 52 160 195 141
173 95 83 134 246 136 231 113 41 194 52 215 207 238 170 32 222 2 173 49 195 105 162 233 124 54 19 123 102 251 124 129 110 -1 199 229 1 119 213 108 72 9 67 227 102 220 149 191 251 171 253 70 177 8 80 98 52 121 215 147 66 45 143 79 72 124 110 171 76 105 44 8 248 66 52 1 68 146 101 244 42 165 115 33 233 150 125 32 154 197 117 176 223 48 165 242 239 30 74 140 49 136 103 13 104 94 33 63 160 47 178 111 219 9 131 147 245 49 84 105 167 21 65 119 255 56 232 19
235 199 45 213 123 209 253 74 148 159 55 84 192 206 234 169 169 149 55 12 187 255 65 3 75 185 113 154 222 33 154 198 72 37 -1 164 137 72 75 147 134 227 70 21 194 19 133 143 103 17 146 117 254 214 51 142 251 189 40 137 196 179 131 78 246 233 205 190 90 73 114 221 217 106 162 194 119 64 193 46 234 46 73 247 12 229 133 224 29 144 49 203 193 172 110 91 11 34 9 133 231 125 65 188 106 89 90 201 180 218 251 212 161 200 204 204 111 6 190 120 119 139 217 74 208 27 147 67
61 161 93 170 8 152 183 109 136 114 103 168 135 150 105 26 122 10 217 110 165 47 210 34 139 39 208 226 13 159 247 39 68 71 132 -1 247 38 114 24 86 86 203 155 29 57 82 233 238 136 12 102 243 233 167 87 89 176 84 228 97 49 50 39 156 145 141 160 156 215 147 146 199 169 50 53 252 132 95 99 139 178 72 151 101 95 105 173 186 80 24 237 246 164 183 22 97 206 133 154 101 221 170 196 178 223 211 38 108 2 156 130 205 97 86 79 217 19 191 45 139 21 64 145 1 48 72 61
142 63 241 57 19 186 161 18 40 138 171 220 102 76 61 161 24 153 139 5 200 33 248 209 92 71 127 200 58 89 116 227 113 180 17 133 -1 146 120 174 23 165 80 142 127 103 240 225 26 114 144 150 158 192 247 208 221 108 57 159 168 118 108 216 21 123 213 48 214 247 76 228 194 181 3 177 235 3 201 235 155 177 188 125 187 3 149 94 198 101 223 180 184 47 7 97 37 160 127 174 83 125 74 212 221 5 235 213 41 8 74 198 27 75 129 157 26 41 83 191 51 231 12 105 6 146 248 142
176 107 134 230 198 79 32 247 9 244 231 126 234 138 105 109 96 181 80 205 208 52 163 40 229 93 215 210 130 55 115 44 81 246 21 248 41 -1 119 251 107 90 227 54 103 219 45 138 247 251 247 75 145 220 193 195 23 173 173 25 219 204 161 65 145 204 199 158 4 53 7 240 230 179 190 35 25 73 125 239 130 58 104 29 208 26 192 68 175 93 157 92 41 108 122 216 75 25 182 125 231 221 51 3 42 218 101 206 241 103 97 75 11 222 61 217 247 231 240 86 204 201 244 89 66 83 184 141
17 100 53 147 114 126 67 230 176 154 137 211 43 66 170 188 189 134 2 210 199 216 43 155 68 158 125 239 91 10 227 113 247 97 17 79 233 8 -1 98 97 165 242 209 108 216 221 225 145 215 3 214 166 130 94 20 160 162 137 196 144 10 36 219 130 207 126 220 181 161 37 68 188 157 26 115 42 28 202 235 182 90 162 60 96 233 240 165 180 227 182 222 190 204 189 80 236 254 209 200 245 118 239 149 67 58 80 11 235 27 228 181 216 29 99 43 57 228 124 229 123 178 173 141 223 220 124 189
120 7 193 139 206 118 55 178 163 4 143 255 49 167 120 130 43 186 61 56 98 213 78 50 38 250 182 74 201 206 42 104 161 107 36 77 33 39 119 -1 48 19 89 139 62 233 249 71 227 79 184 80 103 41 237 58 250 83 43 72 52 123 95 131 36 65 186 181 199 251 181 242 96 194 179 233 14 238 17 138 248 209 154 215 176 123 182 223 150 245 226 226 157 144 221 27 194 84 248 42 141 151 64 125 113 94 153 90 176 213 195 141 5 163 9 172 148 249 39 246 163 120 32 233 15 30 214 32
86 20 3 151 111 155 194 166 98 139 138 189 110 58 47 110 173 4 197 103 10 206 6 214 97 204 17 86 179 164 234 81 235 234 229 232 30 249 216 234 -1 212 149 37 127 122 199 229 101 97 241 68 149 9 192 235 140 123 33 106 219 70 30 48 165 128 170 117 68 243 244 131 195 218 88 232 255 60 28 177 210 24 5 90 221 52 234 216 229 119 161 134 50 101 101 9 89 161 35 205 122 38 36 253 49 45 150 56 222 213 52 157 144 250 135 99 218 146 222 123 135 54 38 108 56 146 148 183
239 2 89 134 118 96 67 26 72 63 175 231 179 119 52 95 81 15 186 69 9 137 121 46 252 240 146 207 40 114 216 18 48 224 28 131 140 148 187 15 141 -1 214 117 234 236 153 53 180 115 90 81 196 82 179 31 72 138 212 115 62 57 163 31 207 51 119 156 94 59 224 250 137 255 17 222 76 180 23 158 181 44 128 184 185 96 200 180 237 226 142 73 149 162 203 7 245 99 86 147 55 39 164 64 3 193 173 113 152 92 112 218 145 79 151 124 25 211 31 145 242 53 132 152 230 64 141 238
17 6 137 150 81 193 198 80 217 211 177 8 120 248 229 100 59 107 67 253 169 218 202 28 108 157 8 154 89 69 29 110 255 168 7 171 43 106 127 120 128 6 -1 174 200 82 223 111 231 146 135 252 253 71 199 125 107 189 149 125 94 126 42 255 123 226 132 85 124 206 219 56 190 136 16 121 185 189 239 227 110 105 36 93 150 59 251 210 59 71 129 80 9 40 229 194 234 236 131 251 98 165 222 208 250 17 181 3 227 36 215 248 145 120 232 113 91 78 98 36 57 203 171 188 162 59 77 70
244 1 223 3 253 42 17 222 227 17 241 63 180 11 146 147 162 47 71 2 56 234 240 150 105 153 58 220 45 177 167 236 32 188 23 186 203 212 54 21 166 86 102 -1 41 83 16 5 243 109 238 121 156 197 115 150 49 44 154 81 214 38 165 57 173 91 236 130 249 138 60 77 10 121 155 214 77 161 184 219 23 152 124 56 235 62 158 163 223 119 16 76 71 234 96 199 252 77 11 164 199 168 131 237 227 43 38 76 136 151 252 108 31 26 143 43 92 66 196 50 114 1 177 235 76 190 4 105
197 217 231 211 7 228 42 29 156 78 222 181 48 58 210 156 193 75 66 251 180 219 31 163 208 62 126 8 74 157 205 229 249 201 84 105 252 80 134 97 215 4 68 91 -1 137 184 212 226 255 195 216 51 93 255 98 181 122 203 228 89 91 141 127 252 216 163 87 108 128 215 211 99 149 131 228 53 120 252 211 239 66 22 101 141 34 211 142 183 114 140 123 90 85 9 79 51 33 236 150 180 152 28 235 19 197 172 193 99 127 17 113 14 21 223 96 128 133 18 22 140 215 56 234 100 3 214 148
242 142 197 34 204 150 106 197 12 47 245 191 15 237 125 48 222 141 33 250 51 134 187 120 47 120 49 74 181 97 57 93 82 246 27 204 46 156 81 16 42 185 243 241 109 -1 90 113 2 247 74 170 244 216 80 241 216 186 38 157 172 94 212 170 12 229 130 120 171 51 109 100 212 12 228 123 19 101 6 58 91 136 57 209 1 247 238 22 242 130 65 133 159 228 213 26 26 4 165 74 126 141 66 215 4 104 60 146 91 118 223 143 144 246 242 136 106 77 174 75 76 151 231 24 65 142 27 184
231 21 235 36 196 79 73 192 23 190 230 254 227 137 149 131 7 131 169 250 55 90 80 235 168 101 147 64 133 223 45 13 240 167 97 234 119 255 40 227 11 153 168 34 171 95 -1 197 233 154 13 162 163 93 128 2 84 29 122 132 48 145 197 138 139 101 42 246 254 161 50 167 151 237 66 163 87 52 137 151 6 205 236 199 103 15 12 50 56 194 188 112 40 124 73 237 39 127 147 23 196 108 34 192 51 49 45 6 115 20 67 238 69 94 49 190 48 173 118 56 116 88 102 33 115 150 183 179
138 164 171 87 33 54 93 220 182 251 156 135 184 247 19 135 61 37 42 226 120 219 132 238 241 4 159 138 185 81 43 52 27 165 103 175 30 73 242 133 241 246 155 86 195 126 233 -1 196 221 69 134 81 127 35 155 230 101 186 59 163 52 100 34 156 100 7 115 247 114 29 105 193 235 49 44 204 162 6 89 57 194 206 17 1 165 224 139 114 132 50 33 21 22 194 124 176 23 235 187 102 215 196 200 148 134 169 16 226 237 232 77 25 232 103 86 54 185 9 83 68 203 84 129 10 247 226 249
106 21 37 68 117 158 234 243 239 176 111 226 44 70 226 218 157 194 102 172 230 238 151 119 254 109 126 11 39 197 192 210 129 41 215 157 12 150 186 143 23 205 240 210 17 85 87 17 -1 202 247 138 152 161 11 11 95 161 34 172 79 13 98 169 9 243 133 124 224 33 136 126 235 200 8 158 178 211 213 213 102 115 44 205 140 49 129 25 84 79 56 55 47 142 11 45 11 54 14 243 21 21 89 213 10 142 63 201 227 40 228 94 124 253 207 20 63 49 121 196 221 55 196 93 219 46 204 30
243 101 53 229 229 28 187 170 150 197 89 82 59 200 106 136 66 241 180 163 134 172 165 27 13 183 156 42 237 231 78 202 217 177 213 169 28 224 182 63 78 232 21 102 206 225 134 23 57 -1 198 6 250 145 184 17 52 24 180 228 245 177 160 26 61 222 238 75 212 217 18 245 67 67 27 238 143 16 101 25 228 90 124 229 115 69 93 131 221 104 150 166 113 53 171 220 213 54 71 172 252 67 232 130 253 193 219 56 240 210 231 148 156 21 89 114 127 96 73 147 233 251 82 132 122 163 6 12
78 30 67 247 203 79 22 126 80 13 102 255 6 21 134 82 151 175 50 72 80 225 127 26 116 137 91 176 80 170 52 34 199 244 121 185 61 232 117 138 19 101 72 207 231 231 38 214 175 218 -1 89 44 242 68 197 155 222 168 57 106 253 182 92 66 245 221 187 105 48 24 195 40 195 29 149 228 113 148 73 39 221 114 246 238 79 185 213 5 200 53 98 123 54 163 20 158 119 114 237 171 146 15 63 218 50 184 39 197 220 31 116 76 218 186 47 129 134 30 80 213 194 143 151 149 82 179 5
45 89 233 113 211 249 213 196 30 176 99 244 144 94 40 172 242 138 120 118 10 180 106 117 140 52 201 75 98 58 209 28 254 114 195 66 109 62 226 109 117 207 1 255 113 248 88 192 83 216 161 -1 75 209 85 128 185 129 27 241 111 173 121 106 76 30 190 162 100 176 207 213 240 177 221 41 218 45 120 10 89 109 152 95 253 40 86 249 218 118 212 191 199 57 12 48 25 196 255 168 25 176 171 147 20 116 97 161 88 177 148 140 3 18 64 196 148 163 111 118 148 133 121 12 118 249 110 3
124 7 236 100 246 66 14 31 202 177 133 241 6 239 114 166 159 190 38 66 21 168 149 205 73 174 29 138 192 39 138 255 206 135 54 254 44 232 118 23 13 76 129 61 50 225 105 212 146 189 40 139 -1 185 236 140 33 195 228 24 207 65 2 108 11 29 221 102 228 242 129 103 67 148 23 112 39 152 251 185 19 154 20 182 73 91 55 138 229 190 9 253 208 82 246 206 226 154 21 214 159 5 199 51 207 128 173 167 90 216 25 130 3 150 163 39 204 107 12 240 183 32 172 54 180 113 191 162
159 156 200 245 102 97 172 242 142 146 9 196 122 11 161 20 79 100 184 6 79 39 24 54 241 177 217 159 227 80 156 94 62 195 36 48 195 147 191 141 161 96 247 110 181 213 60 101 47 44 103 11 56 -1 26 43 54 205 234 16 30 160 94 164 192 115 75 98 61 220 89 164 129 253 160 165 41 216 226 236 53 136 172 117 70 198 180 224 240 218 77 203 121 226 100 97 97 11 42 60 213 91 153 145 88 6 141 194 177 211 252 117 241 182 221 103 219 123 39 182 229 19 35 178 52 230 144 117
67 233 30 89 146 19 45 111 19 112 7 59 134 12 207 146 190 156 117 60 183 231 25 10 189 81 180 147 20 126 4 133 196 110 246 188 224 175 197 28 146 186 78 122 103 202 117 41 75 180 14 85 39 155 -1 60 153 138 160 171 135 11 186 13 224 66 23 35 162 191 108 193 162 231 235 13 69 67 167 190 190 129 12 190 60 31 112 181 242 8 201 165 141 47 30 106 58 78 98 144 74 103 86 34 73 41 118 160 119 180 106 56 175 227 127 174 17 237 68 243 186 87 78 52 103 82 34 130
143 59 70 150 241 3 31 144 218 117 192 67 221 224 53 234 100 24 61 219 61 157 211 162 133 191 4 145 108 47 18 88 231 217 71 165 128 206 167 9 119 225 63 200 127 237 122 163 72 19 170 66 77 69 126 -1 141 56 243 182 55 202 249 79 220 226 176 74 139 54 83 151 199 50 2 63 90 140 59 63 82 108 185 132 167 112 167 187 145 243 6 83 234 38 54 37 131 188 171 27 30 63 238 61 220 90 49 230 242 40 41 18 38 168 197 206 229 19 99 154 38 203 95 70 211 189 77 208
249 42 238 46 72 65 51 232 122 60 215 86 241 210 215 183 46 9 218 104 91 251 115 127 55 145 165 175 227 250 220 220 111 52 124 51 81 76 86 168 73 30 206 157 26 193 131 102 10 216 166 1 14 70 139 118 -1 63 215 43 251 66 64 2 152 128 130 53 109 180 166 230 119 76 2 239 168 44 1 52 86 177 15 195 72 118 242 145 34 169 247 244 215 180 61 250 112 115 172 44 150 128 166 114 172 85 143 18 112 207 85 132 23 35 251 153 220 166 108 244 180 15 48 109 95 182 173 240
221 78 253 91 57 232 238 57 39 226 73 52 102 235 63 132 198 120 81 1 156 41 43 234 61 62 7 93 162 25 198 131 252 65 65 34 115 26 212 93 169 86 207 232 149 151 140 191 41 217 144 55 118 55 64 130 248 -1 148 253 141 29 134 118 2 12 169 237 179 145 169 32 162 195 40 219 200 4 231 162 150 86 158 75 181 251 126 183 89 210 92 253 152 21 62 148 214 253 169 83 26 119 94 70 221 56 122 156 219 255 71 202 214 20 120 58 147 46 175 223 243 211 117 115 27 212 188 194
53 216 224 51 29 74 246 245 174 127 240 21 46 177 244 52 82 146 204 25 241 210 91 72 180 184 105 193 157 152 40 217 177 255 210 240 147 139 43 53 185 248 52 81 74 185 31 26 51 243 147 29 29 129 189 247 250 51 -1 239 228 49 113 112 158 228 188 177 86 151 31 204 112 13 129 161 23 29 57 203 125 115 157 18 20 99 218 45 65 119 59 101 54 25 21 113 233 119 148 24 166 6 115 97 62 147 44 224 201 184 88 186 225 59 251 228 253 129 221 125 78 149 87 62 112 83 133 190
224 152 249 216 34 150 103 156 16 41 122 90 107 120 109 181 255 240 133 138 168 115 164 185 39 95 235 148 25 62 58 238 252 34 31 163 45 11 204 54 2 86 140 86 106 101 250 10 173 7 54 229 27 22 160 242 252 114 36 -1 19 184 136 212 200 167 151 40 219 48 172 80 148 11 143 8 58 14 58 58 80 82 196 237 215 173 47 180 6 174 135 242 109 104 21 129 17 68 115 29 68 171 97 2 128 10 184 219 213 166 199 243 227 173 127 27 185 172 215 14 180 162 253 101 72 117 215 237
115 55 159 230 148 170 129 134 55 114 176 188 113 48 153 104 153 53 139 173 154 121 209 121 214 225 254 8 236 74 168 198 216 81 84 155 104 108 3 236 2 113 210 231 23 27 154 14 186 181 7 123 68 225 188 52 133 253 239 215 -1 67 252 149 41 126 19 57 48 166 149 231 62 81 107 76 153 163 210 59 87 143 134 77 97 189 122 123 170 196 60 80 243 190 110 192 247 219 52 38 38 106 65 48 106 121 82 65 50 53 122 103 143 152 216 150 220 39 25 189 255 93 13 200 185 46 191 149
26 116 106 63 20 158 151 101 231 152 149 242 215 78 249 26 59 188 20 36 63 231 147 72 3 133 66 236 184 165 189 55 228 164 119 230 99 6 24 179 158 188 105 129 225 157 92 249 152 217 168 249 190 166 217 38 68 174 182 231 91 -1 50 215 195 232 195 254 171 6 32 49 147 228 227 254 59 164 24 50 214 57 168 255 22 193 88 86 41 95 77 199 38 151 78 86 180 203 121 166 230 251 208 172 6 30 92 99 153 34 60 112 135 162 106 158 255 222 199 50 85 240 99 19 28 236 62 74
123 152 29 186 203 121 44 177 160 164 231 146 194 8 27 75 165 249 89 225 156 125 4 112 251 77 156 244 90 47 104 191 160 186 81 225 211 76 225 124 200 88 241 250 92 237 93 239 207 48 146 132 75 34 242 75 41 56 190 224 1 172 -1 105 91 127 139 51 160 100 167 166 10 217 255 217 141 83 18 8 112 223 154 95 94 9 12 165 183 169 108 100 214 120 69 161 214 177 235 112 13 104 24 145 101 86 109 174 14 252 126 232 65 43 105 220 252 145 242 206 39 176 58 88 192 205 104 72
154 63 172 26 233 50 45 20 222 162 113 120 246 112 158 239 196 187 254 154 134 94 144 247 184 92 185 164 179 142 51 211 64 145 8 5 229 116 80 231 134 161 127 52 212 10 178 205 149 104 67 221 71 161 31 182 38 47 122 158 123 142 132 -1 96 194 243 219 5 196 103 230 253 164 89 158 215 15 221 241 235 53 70 230 50 246 169 103 221 21 164 138 69 142 213 143 178 123 87 222 170 134 172 149 48 42 143 2 181 213 68 82 214 138 117 246 5 7 97 92 194 203 67 28 21 88 59 114
48 168 42 226 74 217 35 229 72 1 250 37 172 244 13 139 222 211 193 176 204 190 51 12 65 51 108 43 95 163 201 147 136 178 20 107 129 118 242 230 50 71 25 51 217 140 116 128 84 194 167 136 65 249 97 229 39 35 160 157 57 206 37 170 -1 191 167 212 241 254 3 154 13 197 223 253 249 164 206 55 209 123 88 57 106 49 171 230 248 165 203 180 88 31 216 133 109 51 238 43 55 168 41 177 238 206 229 62 127 246 25 195 255 166 34 144 194 207 164 194 54 4 155 163 42 77 214 24
204 165 194 142 142 248 227 236 120 248 71 189 63 72 150 253 6 27 252 42 142 127 55 231 146 184 239 24 100 184 249 116 76 86 131 211 182 161 114 43 11 12 135 38 81 157 185 183 37 46 212 98 240 156 172 191 244 244 237 150 200 203 146 90 237 -1 95 202 36 127 52 94 242 118 114 40 46 70 150 217 20 89 208 200 243 80 147 238 246 251 85 103 103 149 59 64 204 1 158 194 77 127 74 40 9 95 1 53 131 218 226 179 166 97 55 21 72 89 21 87 155 227 97 72 245 151 69 179
221 133 215 134 253 81 85 244 223 164 173 108 149 230 114 225 155 49 169 230 215 146 60 139 23 55 237 216 47 36 151 4 166 238 134 188 224 102 122 139 99 123 99 102 143 73 236 108 240 20 48 8 180 240 48 58 35 117 53 94 164 13 126 213 218 169 -1 203 235 68 220 194 22 86 120 127 191 220 59 86 194 203 234 209 250 174 232 60 103 73 92 115 186 85 172 55 10 32 87 206 74 7 247 129 120 157 249 50 170 9 111 238 65 107 103 92 8 234 11 8 156 9 41 34 38 196 170 157
134 200 123 110 45 217 159 255 95 173 125 40 10 179 12 146 202 99 198 221 77 103 155 35 30 220 39 254 157 55 27 208 160 88 146 91 124 195 219 100 225 24 232 107 108 36 140 239 93 152 188 80 103 85 14 65 20 238 85 109 170 48 197 42 222 53 255 -1 216 154 206 157 149 160 166 154 41 178 171 137 153 236 213 131 217 145 25 211 162 156 211 57 7 89 241 102 137 165 189 129 1 83 215 237 138 53 42 97 121 251 232 214 23 115 145 52 71 139 44 218 238 133 100 226 106 142 223 61
54 93 243 166 202 52 95 239 29 143 4 137 160 95 17 20 56 18 199 99 81 216 202 223 173 168 176 213 108 105 186 142 85 95 72 170 34 180 162 105 249 156 102 55 43 147 110 225 122 214 202 184 236 97 205 101 155 228 85 227 243 75 169 248 226 254 171 86 -1 41 162 118 118 221 76 23 101 34 214 206 153 69 156 3 151 79 113 194 156 201 64 69 140 224 202 241 139 76 226 51 179 239 16 193 176 226 202 71 162 140 60 56 142 142 176 241 4 43 37 131 119 113 188 224 103 169 2 245
18 172 36 63 202 94 9 20 172 252 10 252 236 254 151 38 252 244 6 156 31 61 30 100 124 68 10 11 166 67 179 153 77 93 94 67 61 234 216 35 56 179 117 15 150 196 114 109 255 58 254 82 166 245 163 250 160 159 153 211 91 138 16 232 40 145 89 102 86 -1 227 19 70 111 212 234 248 18 66 32 109 10 9 135 53 188 74 7 46 33 174 114 79 131 140 118 53 239 109 36 126 235 230 114 234 93 120 118 15 119 240 104 111 107 189 61 184 223 31 171 248 16 38 27 130 102 106 117
198 157 248 15 83 191 43 225 125 227 37 225 187 65 153 8 138 152 110 198 131 92 108 217 203 195 13 118 34 248 90 89 124 34 253 148 42 118 142 83 141 143 179 182 47 125 173 188 75 58 145 44 53 167 42 145 185 221 11 76 206 48 146 161 153 99 227 40 9 183 -1 218 135 224 226 91 96 175 72 128 135 170 85 165 55 2 112 33 227 54 176 152 76 205 196 25 103 240 218 197 95 191 23 142 232 145 67 176 34 211 146 142 149 149 148 22 122 78 17 49 107 216 225 249 91 135 54 102
9 147 227 220 150 252 218 92 227 194 4 41 213 57 1 78 18 94 15 16 190 34 51 27 125 163 182 175 243 155 111 171 37 194 19 8 44 8 109 204 210 69 30 182 46 240 159 183 106 31 5 82 246 26 104 9 225 143 160 94 125 226 170 108 248 245 190 4 20 160 132 -1 82 25 7 61 208 73 46 17 138 57 103 84 13 154 142 114 50 116 173 180 43 206 40 182 39 68 99 33 164 209 248 201 222 211 56 155 73 48 159 114 60 102 139 3 31 183 226 86 205 125 57 161 127 158 252 49
91 50 160 28 93 6 238 73 224 98 70 252 30 224 107 168 105 122 19 118 28 27 205 158 245 179 204 113 69 164 109 154 216 132 79 216 203 38 5 61 158 170 127 145 134 248 99 21 7 188 22 46 229 76 228 217 236 170 9 217 209 232 150 66 210 219 125 26 79 183 61 9 -1 11 80 7 175 63 214 209 252 211 62 255 178 190 182 230 41 141 84 134 123 27 232 183 39 176 144 218 135 47 25 63 97 158 246 246 17 48 29 68 182 148 254 185 13 42 134 143 98 28 49 79 233 200 69 180
224 188 218 122 42 189 39 244 95 231 67 136 106 31 134 139 49 42 202 102 82 168 237 112 43 103 147 82 195 240 219 104 116 37 210 147 125 251 49 4 30 217 244 117 209 190 179 113 110 10 84 102 89 128 131 50 218 138 248 68 141 153 113 174 170 57 96 162 177 90 102 205 113 -1 138 38 164 48 166 68 252 57 227 6 207 36 98 31 22 108 145 180 182 34 11 184 138 6 41 252 178 94 165 133 134 150 138 1 199 242 139 50 17 203 100 62 126 251 72 85 63 229 103 203 179 119 195 11
202 50 219 117 35 178 247 246 217 212 146 179 201 80 26 45 183 44 242 87 200 6 161 244 224 70 186 222 142 219 95 61 124 112 121 140 168 63 1 234 251 53 202 221 116 227 153 149 208 166 67 52 14 116 153 223 221 211 45 200 230 146 148 179 161 103 219 10 202 60 39 35 215 80 -1 169 225 41 144 30 40 163 141 128 27 205 129 222 96 54 142 242 23 111 16 101 191 38 147 250 113 217 211 225 188 114 61 216 159 154 136 165 245 237 153 232 118 85 175 198 117 9 84 8 156 221 65 68
222 52 235 198 236 146 81 1 166 115 182 145 200 165 206 67 239 43 170 16 119 144 171 127 12 195 145 197 128 93 74 209 66 236 228 210 215 193 28 41 38 221 20 232 95 68 255 128 12 179 144 141 217 111 133 19 234 115 119 9 159 142 112 10 245 4 79 230 44 233 197 223 198 123 149 -1 142 96 8 24 64 8 125 187 196 248 95 76 202 113 5 255 116 109 10 88 77 90 177 183 233 156 57 72 144 79 126 152 14 174 23 50 90 229 26 67 41 212 148 156 218 73 62 50 98 168 72 126
234 21 215 213 170 29 4 78 89 183 200 255 236 195 157 191 11 59 81 205 8 77 224 37 18 83 236 206 201 171 218 223 103 43 103 252 191 47 202 184 26 94 155 127 210 74 229 172 77 108 204 252 185 180 125 45 117 66 85 177 36 168 26 228 201 81 48 159 230 202 195 73 145 189 59 88 -1 126 87 152 61 13 59 121 144 143 79 158 244 138 1 45 134 198 11 33 150 238 16 42 129 159 45 185 200 20 60 119 24 17 38 61 220 39 97 46 49 144 131 88 153 69 160 102 129 211 161 250
155 53 123 203 18 189 135 76 69 196 132 113 228 125 55 93 79 253 225 59 198 11 116 111 196 18 32 137 147 138 30 191 133 199 96 71 121 243 178 188 86 124 190 47 193 158 61 16 251 74 173 227 201 186 194 41 223 174 203 191 26 253 122 222 71 213 63 130 214 235 16 177 186 214 72 47 47 -1 124 158 38 154 199 220 221 224 254 142 146 252 64 109 219 129 179 111 109 48 216 248 37 78 138 200 229 103 206 91 203 88 2 119 64 81 110 237 230 157 107 108 123 170 251 12 92 73 182 249
102 25 45 121 113 83 140 194 196 110 27 60 2 5 72 27 152 198 18 148 61 179 28 211 128 14 8 222 226 129 141 164 88 202 37 91 151 112 100 99 7 50 154 17 165 106 54 106 171 233 123 49 162 254 128 73 239 84 37 57 103 47 21 71 22 124 2 216 82 70 80 112 169 249 8 152 29 53 -1 202 169 252 145 18 198 198 87 135 128 175 105 247 23 45 62 189 169 204 49 206 36 175 85 29 149 175 116 238 5 125 114 80 129 206 224 156 16 9 16 204 249 165 168 170 152 18 209 35
108 231 26 253 88 99 83 190 48 110 187 199 24 166 246 159 231 255 136 215 105 105 226 164 134 70 39 142 54 171 198 22 53 99 141 5 145 12 67 143 70 81 147 183 213 139 180 64 88 177 250 206 138 165 78 187 6 18 17 172 126 220 87 206 129 231 80 234 240 190 46 165 110 112 102 187 143 26 72 -1 194 95 222 204 46 160 72 158 213 249 233 194 208 245 169 116 19 243 62 221 211 51 96 158 43 102 212 14 125 63 195 222 15 167 128 8 13 245 7 231 113 56 119 45 180 210 173 18
163 13 97 77 37 35 207 99 170 83 159 200 254 207 92 221 150 36 36 94 222 58 211 65 204 78 35 214 87 53 4 252 88 198 24 185 199 95 108 17 11 134 20 215 244 104 49 224 81 4 230 216 56 32 188 174 131 231 99 139 168 70 231 98 13 196 102 175 205 74 95 182 123 150 127 148 46 227 9 204 -1 196 65 41 173 225 106 45 145 251 23 78 153 55 39 194 198 217 38 81 34 47 128 161 36 107 140 189 137 191 151 149 169 39 136 167 25 44 163 55 56 207 248 189 112 238 142 226
237 233 63 13 4 38 96 185 149 23 92 146 80 90 63 59 122 140 32 25 81 29 169 20 226 27 232 214 129 153 195 165 106 232 139 67 203 115 252 49 191 96 36 221 59 83 92 120 83 190 119 98 153 2 46 232 229 48 173 211 196 143 66 84 47 156 227 113 214 227 34 123 236 99 215 100 227 127 88 141 114 -1 206 91 252 45 159 206 194 155 188 28 184 87 17 15 178 10 113 191 46 10 154 250 27 199 3 189 34 144 85 179 20 222 139 197 11 198 71 159 140 67 87 241 143 247 103 26
47 243 208 149 71 113 192 147 249 124 147 59 97 209 138 72 130 30 140 97 167 47 240 170 73 56 30 170 129 5 18 164 238 11 54 193 29 5 150 242 2 64 71 147 189 24 132 234 151 113 245 159 85 71 155 207 210 178 39 151 88 155 154 154 16 217 104 110 98 224 32 75 245 241 157 246 177 186 251 149 215 151 -1 114 99 210 180 108 177 55 226 17 84 115 153 133 48 197 109 89 224 228 138 101 150 107 34 57 102 53 77 113 217 54 234 107 19 109 217 210 18 117 62 255 143 218 147 218
174 92 113 108 136 200 17 252 16 225 32 155 159 39 224 171 43 209 118 253 251 18 225 198 8 236 7 55 48 32 239 154 41 63 210 33 249 181 248 137 141 67 164 28 61 216 97 156 1 136 222 189 182 186 135 101 101 20 68 238 240 172 143 48 63 232 27 164 186 202 163 30 11 187 160 83 37 201 24 159 83 233 172 -1 101 218 148 2 48 71 55 90 47 217 49 138 175 13 63 133 47 164 136 11 218 45 121 51 57 99 197 208 75 105 150 121 90 224 213 212 231 106 175 206 45 195 75 249
211 34 75 217 227 46 76 60 178 205 73 62 65 86 242 173 77 93 140 24 223 2 223 46 16 95 7 58 94 108 147 57 144 235 250 222 130 119 149 159 7 254 226 57 234 78 2 182 138 90 57 80 186 150 82 197 8 29 93 20 220 231 96 225 187 228 73 36 112 194 241 179 231 32 239 93 245 37 204 149 8 98 198 113 -1 110 2 35 42 61 216 197 14 230 4 3 91 208 205 91 196 16 107 21 152 111 136 82 179 141 247 242 71 168 133 234 1 114 121 85 223 69 77 153 123 47 12 119
163 68 156 74 47 95 146 202 104 206 75 165 24 176 24 174 186 167 18 105 87 65 4 181 19 84 199 200 190 54 5 7 129 50 104 143 35 46 143 248 137 89 163 22 76 61 98 61 164 153 14 22 161 80 71 155 94 7 29 56 187 202 175 101 145 152 226 128 223 69 110 14 156 194 129 182 128 155 155 213 105 148 7 172 18 -1 124 89 213 114 102 134 232 232 89 135 79 171 33 179 84 44 193 100 189 51 106 50 76 100 130 90 65 207 100 56 53 217 186 19 84 85 18 24 32 79 16 58
52 240 119 177 232 108 144 35 177 131 253 51 8 17 245 52 63 124 91 148 124 197 135 220 93 128 191 27 201 7 181 85 178 42 54 245 161 92 9 9 174 189 100 210 116 201 113 245 126 59 32 16 202 251 110 116 172 137 63 245 171 9 193 150 187 134 163 126 244 248 115 188 244 73 10 68 147 116 24 201 210 48 23 90 184 188 -1 123 74 201 203 249 81 41 6 212 102 54 40 243 246 229 119 136 160 7 21 177 8 41 102 230 126 31 6 216 178 42 240 241 255 75 96 27 232 87 28 125
29 183 158 40 121 72 180 229 105 41 210 55 148 79 195 159 98 121 121 64 153 109 149 6 186 140 106 144 216 136 243 72 189 240 151 76 92 214 252 59 214 210 182 106 4 250 211 186 124 164 95 205 10 137 97 188 74 190 173 102 118 93 87 148 238 158 35 234 205 5 42 197 193 251 84 130 120 113 55 44 247 209 91 197 52 255 146 -1 6 214 239 255 79 21 92 222 173 225 52 192 156 168 16 62 68 16 42 21 99 149 127 23 213 225 176 253 113 253 237 151 201 126 49 59 91 237 123 63
97 210 170 102 23 163 104 52 225 231 152 111 195 167 61 105 182 73 103 48 229 150 223 47 157 66 212 210 17 242 115 253 97 183 3 157 124 228 112 118 88 213 40 54 184 177 22 99 211 238 52 26 162 37 208 190 124 190 120 151 140 188 115 254 248 214 225 105 208 78 38 56 115 157 251 102 102 137 11 206 106 37 84 252 44 37 212 145 -1 212 123 141 80 167 45 248 224 97 17 213 217 96 23 122 42 40 160 210 47 139 180 142 57 236 228 210 15 35 239 113 158 99 76 234 138 206 171 120
241 132 51 234 85 11 220 108 94 99 240 10 76 3 213 244 222 49 235 129 105 202 157 251 125 11 124 202 188 152 73 200 32 168 129 63 142 203 73 254 151 202 77 161 36 89 155 93 142 6 229 59 102 85 179 220 128 48 221 204 11 217 15 108 23 170 113 98 84 122 183 36 190 7 191 230 11 67 146 48 34 134 31 188 243 43 119 25 77 -1 193 180 112 184 211 237 167 86 142 169 145 65 149 70 25 131 149 232 86 107 67 48 2 90 124 22 222 45 223 169 5 47 79 131 151 111 20 22
132 195 171 170 168 184 4 144 27 41 230 151 27 113 99 156 143 46 211 65 173 147 18 32 224 64 84 91 123 244 140 5 178 192 208 105 99 149 60 101 150 244 172 30 137 94 48 140 255 170 117 213 193 242 155 168 210 254 144 65 129 99 142 168 223 224 92 69 66 99 124 60 91 47 115 88 246 239 119 228 141 72 51 44 78 160 106 214 194 65 -1 168 201 138 200 170 234 212 255 130 58 101 72 253 82 121 26 170 18 158 184 229 240 192 108 50 55 20 221 199 62 47 103 106 51 17 108 121
219 210 9 121 45 195 223 209 65 171 101 192 89 86 6 139 132 79 142 12 251 253 127 140 72 13 152 248 203 7 185 156 191 43 15 51 197 152 201 170 100 70 164 199 192 66 5 242 181 202 75 190 44 181 190 52 139 29 65 39 247 75 167 125 4 64 74 7 185 142 142 140 49 157 1 206 52 59 25 139 127 228 101 215 195 50 219 99 39 118 54 -1 113 93 52 127 111 167 221 56 108 64 252 242 74 242 78 60 184 150 174 87 166 45 149 2 179 125 63 209 175 3 52 3 67 63 28 113
50 234 48 254 92 107 22 170 246 213 122 135 108 223 110 167 47 215 35 3 242 196 219 69 186 112 31 209 85 81 125 113 135 127 131 223 212 7 208 204 10 193 192 71 129 226 110 176 78 194 119 224 131 155 203 55 137 50 56 139 200 195 149 158 4 49 125 204 64 113 12 115 151 18 171 148 214 17 71 106 3 215 53 38 181 173 150 201 182 53 96 111 -1 221 101 133 138 73 206 69 87 156 2 216 227 105 134 109 146 246 204 228 103 32 55 50 113 216 6 53 249 83 131 185 110 68 37 169
199 103 191 99 115 119 132 35 85 128 145 158 101 103 47 148 208 159 149 74 161 191 87 102 18 19 154 144 222 56 77 20 134 125 175 22 71 30 125 234 29 233 170 176 68 93 153 99 68 2 50 254 5 160 225 205 208 119 18 115 203 90 184 216 31 158 204 71 38 193 113 187 136 64 150 92 149 62 8 70 234 250 244 231 98 203 87 224 11 75 114 72 122 -1 61 123 171 39 49 174 217 135 73 243 37 238 245 73 209 226 76 96 208 175 87 114 118 10 230 172 201 182 72 46 81 41 118 119
142 193 171 55 189 62 49 102 33 187 29 69 32 5 252 80 118 177 185 222 186 51 36 111 25 137 224 206 195 176 84 44 61 214 47 13 194 31 138 113 75 191 5 166 130 3 29 56 103 23 246 30 113 31 249 169 47 161 186 198 87 36 79 65 188 238 43 12 138 33 254 242 172 242 240 147 93 79 241 97 102 238 91 159 210 162 24 133 7 152 201 145 253 44 -1 29 88 163 221 189 49 84 190 209 122 176 63 94 78 209 1 173 116 20 247 118 143 30 158 40 169 145 217 62 166 93 179 163
44 251 81 132 88 65 17 156 99 94 100 50 75 242 93 21 156 96 152 12 12 225 63 63 153 129 145 33 116 157 212 51 202 57 106 249 213 51 237 95 191 87 32 91 231 69 38 4 107 178 195 155 15 244 178 174 130 34 68 61 156 130 183 247 226 122 178 180 191 205 68 160 106 90 112 240 235 205 217 163 66 41 131 63 227 227 238 213 252 182 236 231 43 172 136 -1 74 5 196 124 207 111 76 198 12 82 97 60 186 111 88 189 4 111 88 88 13 18 121 52 118 28 183 112 31 29 192 211
188 10 97 16 60 233 251 48 251 85 50 64 136 29 144 83 252 169 169 191 221 175 227 157 143 222 66 3 253 98 36 157 39 168 30 99 212 117 100 19 73 188 183 65 137 192 159 175 230 193 146 108 90 152 103 105 17 30 225 205 81 148 183 156 158 50 203 38 82 57 32 133 142 116 55 146 201 160 184 90 172 174 198 198 211 220 192 205 155 54 140 20 4 248 197 232 -1 154 4 102 119 172 154 44 118 69 252 8 150 123 52 157 86 17 169 51 124 177 11 168 36 208 38 172 166 96 123 5
115 3 136 81 157 177 91 135 176 178 86 5 158 173 62 150 188 126 249 238 235 12 185 93 228 97 56 253 5 51 58 247 207 151 82 51 205 215 105 18 201 162 204 136 62 144 148 236 193 135 244 123 30 77 205 156 52 123 237 35 54 214 177 71 163 189 189 196 8 110 167 136 252 197 243 183 88 71 120 1 162 192 13 30 110 32 5 89 103 68 50 218 223 244 183 216 151 -1 23 189 113 175 71 40 233 253 193 250 189 252 111 217 99 14 239 197 121 133 38 216 158 197 44 94 247 255 163 183
192 120 186 4 140 18 167 214 221 208 235 33 51 207 43 158 155 121 167 210 224 91 69 190 95 83 122 110 239 175 134 214 138 91 74 198 115 235 32 207 177 44 127 107 82 107 70 143 208 115 42 233 134 22 115 44 98 52 49 154 241 243 155 148 66 80 223 165 63 227 103 239 118 242 188 24 180 2 86 94 114 47 20 88 51 253 157 116 225 138 152 224 132 134 122 209 95 37 -1 32 122 6 58 39 118 122 76 248 246 140 3 132 67 174 216 52 149 71 203 27 169 131 17 79 32 179 163 9
180 70 240 179 4 13 238 99 191 113 204 196 215 8 163 29 47 180 167 243 213 8 147 65 177 166 198 7 50 217 63 126 169 40 119 134 144 50 229 43 122 28 89 70 99 38 60 199 112 101 41 45 213 47 57 96 251 159 22 59 114 252 9 174 163 239 138 49 47 44 197 111 109 53 150 10 222 71 182 149 33 90 214 7 24 182 134 88 91 216 56 153 14 121 89 218 101 99 198 -1 233 106 148 91 12 56 116 29 107 157 70 249 244 82 76 13 16 147 243 63 100 169 234 78 198 105 191 182
124 31 129 102 80 37 216 41 187 234 180 48 160 134 96 97 15 191 175 105 125 125 27 57 90 12 95 17 145 111 17 47 234 66 162 8 218 31 106 226 84 102 139 251 67 56 16 126 68 34 225 255 97 176 233 11 118 155 49 142 109 88 15 218 127 100 40 12 210 57 110 194 57 29 29 58 78 84 49 123 132 246 107 26 183 93 236 173 105 25 134 252 110 112 37 22 70 187 207 247 -1 176 56 206 102 135 74 63 37 238 236 51 214 130 33 181 239 158 13 167 14 220 49 56 24 131 23 158
208 238 108 56 167 133 137 141 251 238 128 241 56 201 48 214 210 20 85 168 161 87 6 3 192 69 45 198 202 2 177 64 253 60 247 176 16 20 17 170 49 95 139 245 131 122 91 74 183 231 44 233 196 227 164 215 56 222 23 101 63 244 29 153 33 166 211 56 68 110 123 101 114 128 17 85 58 121 131 113 220 28 72 27 68 205 151 233 11 144 8 179 233 200 190 217 194 92 9 224 185 -1 233 180 26 161 49 207 135 239 132 184 52 73 31 70 139 149 211 152 127 200 248 177 8 136 72 219
250 209 210 143 244 123 92 168 46 25 111 239 10 4 183 179 108 122 145 56 253 20 242 31 76 158 100 43 218 40 15 80 240 146 46 63 192 230 234 68 206 31 136 245 10 14 145 123 235 61 146 89 132 248 166 199 37 137 142 95 10 132 228 205 122 48 157 107 46 142 87 39 4 135 123 71 246 225 21 194 160 73 136 116 254 50 167 18 211 186 105 59 138 32 233 188 141 154 181 124 209 54 -1 4 250 247 188 33 146 215 230 184 97 228 190 238 136 208 203 71 112 223 98 177 78 96 134 179
150 195 207 105 207 210 247 9 103 107 85 240 133 208 51 53 201 217 27 87 181 90 226 43 7 63 196 161 250 131 211 152 249 117 255 97 32 234 38 185 10 54 176 84 241 249 27 209 176 121 11 83 83 173 200 156 227 230 156 189 157 105 43 185 231 28 117 21 225 59 22 210 149 107 216 59 102 142 20 29 196 234 230 241 213 73 10 61 216 129 62 199 255 47 243 236 106 205 177 187 229 43 116 -1 81 246 136 113 128 154 154 138 131 125 48 233 114 147 48 117 237 65 42 223 170 161 93 224
253 12 116 6 119 179 61 17 196 105 83 150 98 19 184 254 53 208 249 103 183 116 194 228 121 18 233 136 61 82 130 112 12 102 132 144 37 89 100 17 243 221 26 234 93 244 31 34 226 78 15 92 103 53 247 204 233 52 16 95 223 149 255 67 146 194 223 27 241 229 146 129 204 220 1 110 153 171 122 123 200 3 69 211 55 195 234 175 60 7 176 252 167 82 112 209 209 36 183 212 236 133 38 179 -1 209 248 24 102 49 125 220 32 130 33 16 80 165 170 221 96 16 84 140 172 168 174 250
56 85 214 43 70 189 101 171 82 188 53 195 113 184 127 107 21 194 230 226 154 72 224 27 56 200 160 31 217 101 23 126 9 37 56 109 98 103 151 143 168 132 126 246 168 76 254 179 236 45 98 115 187 153 61 81 208 13 209 142 213 1 110 100 235 114 211 92 68 66 169 41 110 81 205 23 63 127 78 191 92 189 116 116 7 170 149 40 53 106 201 4 148 58 176 51 102 245 202 253 137 89 95 128 196 -1 34 33 56 62 57 246 151 40 104 31 15 29 87 252 6 206 21 237 57 16 131 49
166 231 243 227 27 44 1 115 223 162 221 76 127 111 24 198 254 203 195 42 94 57 65 43 104 130 192 164 96 123 108 192 167 6 31 5 63 112 130 219 163 174 251 169 177 109 73 69 139 123 115 20 253 25 209 96 135 150 68 167 247 120 52 49 106 116 238 209 25 198 192 7 159 42 131 112 104 148 34 74 144 248 164 207 117 29 130 20 5 139 130 56 117 231 221 77 215 117 249 179 57 30 164 232 81 28 -1 117 217 255 93 164 137 151 210 47 164 246 79 62 151 70 201 83 123 23 54 1
90 239 173 101 5 110 47 204 167 73 154 142 249 190 10 84 45 93 125 91 225 133 178 186 191 224 212 40 211 42 204 58 252 188 158 11 65 136 60 21 150 27 204 100 233 2 213 151 113 88 21 136 210 131 32 149 30 32 51 223 98 136 239 86 210 90 48 85 234 104 204 129 228 5 119 186 200 133 33 181 52 153 93 238 80 191 14 221 231 84 139 87 39 29 109 181 195 99 85 233 35 65 109 205 23 181 211 -1 217 83 177 11 252 28 106 42 127 159 97 40 154 180 44 255 243 253 164 135
40 46 155 186 234 19 241 194 236 4 182 233 103 196 229 216 11 193 105 133 135 155 207 175 238 91 149 121 174 23 213 201 132 50 1 21 21 171 115 60 121 119 175 67 183 50 161 183 183 10 206 216 92 124 239 75 5 154 40 199 102 177 228 75 223 160 62 16 202 239 86 133 109 195 1 200 174 86 144 224 113 244 114 70 64 218 246 6 196 92 74 158 6 198 116 204 68 105 50 191 120 69 170 183 231 132 109 235 -1 67 228 182 187 133 172 131 160 26 156 187 127 89 177 77 150 57 216 24
8 99 44 179 119 6 23 219 124 101 13 199 107 28 218 84 165 200 104 144 50 246 130 209 198 158 102 20 55 61 164 14 17 249 180 232 105 52 3 118 16 253 123 211 133 207 117 51 208 113 181 252 66 155 248 126 215 16 8 156 164 12 237 155 76 39 8 111 207 96 98 151 7 138 89 164 92 246 191 15 65 23 140 216 248 159 249 46 212 37 4 13 151 249 104 173 66 102 202 87 113 12 191 84 182 162 53 99 228 -1 178 223 33 86 229 250 12 75 144 180 46 163 2 168 77 40 64 159
161 111 236 87 97 90 45 21 106 24 40 34 226 126 46 246 84 166 117 245 146 151 233 237 127 54 81 99 112 96 121 133 131 189 40 217 212 38 1 105 160 197 77 112 117 202 174 147 81 99 4 123 60 122 242 43 118 249 161 174 160 9 230 96 111 73 9 123 240 69 34 201 222 82 240 170 171 229 126 94 61 224 48 154 176 139 216 45 208 115 97 41 248 146 235 54 111 116 135 98 204 141 191 149 191 61 27 84 191 226 -1 97 158 114 178 16 162 80 21 148 28 97 19 36 120 29 73 85
25 105 245 112 94 238 4 50 147 190 38 140 125 177 149 50 251 171 48 131 17 29 128 76 151 6 150 109 81 53 135 240 170 211 30 46 207 172 223 178 111 7 191 149 95 197 107 72 191 216 67 80 227 96 41 63 40 91 231 230 244 168 255 250 45 48 16 82 89 217 180 46 57 162 113 61 213 181 127 123 219 125 237 59 122 197 216 69 117 137 128 154 147 42 13 193 185 40 183 40 240 132 184 191 65 12 126 63 44 31 15 -1 236 255 110 72 47 29 116 149 113 136 1 84 159 69 207 124
219 12 228 133 19 236 170 185 20 115 9 33 98 114 70 103 29 91 51 95 234 82 249 169 227 83 44 31 236 177 124 32 101 190 130 33 8 201 178 190 65 187 76 240 253 181 206 3 108 34 137 208 90 241 29 13 217 169 145 217 152 6 78 198 86 177 125 193 142 218 87 111 7 29 251 95 32 192 110 200 227 241 163 242 51 188 154 123 249 212 36 196 116 190 101 252 116 226 154 233 138 235 76 85 183 232 56 102 151 73 217 200 -1 113 7 103 76 57 123 101 65 50 116 117 223 12 27 130
64 64 166 117 111 249 156 143 143 128 138 11 58 55 90 155 29 26 193 223 28 101 89 222 126 131 189 159 80 77 59 171 89 43 108 121 160 44 217 122 38 109 222 46 243 218 128 206 102 66 144 139 107 60 247 207 143 137 18 148 44 13 39 29 121 159 201 126 197 191 39 23 221 86 238 100 92 238 106 120 83 148 62 188 141 64 24 143 82 66 206 167 177 35 169 188 100 32 217 94 249 228 192 173 153 73 24 31 195 249 99 155 162 -1 113 169 126 164 170 53 236 31 86 231 212 169 221 49
113 55 22 190 165 154 122 89 62 108 208 93 185 207 102 107 229 232 86 134 14 239 181 70 36 228 33 218 57 246 192 47 24 227 98 220 67 204 176 156 202 231 28 92 29 30 25 115 69 197 111 64 228 186 144 81 35 237 180 87 178 212 202 145 11 203 163 189 136 94 9 115 159 193 43 5 188 187 187 116 34 120 130 17 48 148 128 43 235 180 71 111 252 167 12 252 67 10 243 128 27 63 119 122 5 181 49 19 94 129 41 21 207 205 -1 67 223 98 92 190 127 166 33 176 203 248 244 46
81 179 47 128 106 29 187 31 246 27 87 18 154 219 136 240 178 172 21 119 196 132 53 19 22 78 126 47 251 127 60 206 97 228 168 58 211 216 67 141 107 52 164 159 48 44 20 199 255 121 201 85 226 13 227 200 29 130 119 54 117 98 148 9 244 191 218 245 254 90 82 159 3 9 247 69 61 75 162 128 76 21 28 54 183 98 251 76 139 69 152 186 97 51 32 227 55 175 145 13 182 43 24 207 241 4 200 128 212 80 224 22 185 16 12 -1 193 115 236 172 131 54 214 192 97 140 59 229
58 43 178 37 124 178 2 118 38 241 244 149 95 105 30 180 90 57 2 104 184 24 31 70 84 104 222 241 120 103 114 56 72 208 149 41 126 231 57 250 185 13 34 91 4 38 26 29 36 179 109 100 138 185 245 49 29 201 242 48 33 159 136 202 3 121 65 178 113 158 243 63 247 255 64 63 135 84 231 20 243 82 28 47 133 30 224 118 229 241 216 72 213 183 80 218 139 48 155 34 203 44 41 204 74 127 185 132 9 249 31 183 159 182 112 129 -1 30 151 222 174 14 31 144 212 173 205 175
93 93 236 37 218 57 254 151 65 58 112 230 45 122 89 246 95 171 242 83 116 177 203 118 71 244 98 142 222 3 249 80 147 77 144 229 60 68 159 102 177 167 216 94 197 228 139 150 75 138 150 102 197 194 244 193 235 47 64 84 91 255 179 241 166 57 225 175 187 43 58 135 1 5 127 44 197 114 42 140 6 154 100 43 202 122 14 46 109 206 231 174 166 153 9 158 124 45 50 208 109 34 54 23 89 164 11 98 255 103 126 178 183 114 174 107 227 -1 33 15 18 13 117 252 20 38 222 42
8 31 108 8 109 253 226 48 49 184 228 119 86 237 115 196 117 214 66 155 229 36 228 137 245 49 133 225 179 249 142 29 63 145 86 50 150 203 225 55 21 234 221 207 137 208 137 115 48 237 167 174 208 214 239 145 136 229 83 177 29 211 38 81 52 102 246 54 95 83 1 209 232 25 5 208 50 71 38 158 181 126 235 43 215 65 176 46 39 192 34 17 230 172 166 203 236 214 70 137 255 172 100 149 40 230 89 103 122 125 123 157 47 184 174 251 35 88 -1 81 108 64 143 97 216 87 224 161
244 83 27 51 91 81 238 45 123 84 125 189 206 136 12 5 50 184 106 198 93 146 9 244 139 177 70 124 223 113 201 245 9 50 98 132 211 167 133 199 31 9 140 190 68 156 202 237 32 77 252 176 53 238 124 78 156 248 193 232 198 123 218 95 236 144 254 184 55 14 120 116 229 69 174 243 163 14 171 12 79 168 177 249 91 157 176 119 181 77 136 209 184 230 54 26 47 228 211 71 12 62 217 18 84 175 168 94 226 72 11 239 232 16 247 148 127 117 15 -1 164 165 210 36 109 244 166 67
23 193 13 145 84 141 248 64 77 35 171 95 200 75 188 99 20 119 17 59 172 19 179 87 194 211 17 74 57 179 184 84 206 187 236 175 124 212 107 205 119 145 171 68 57 128 113 10 94 79 215 199 191 168 95 160 161 89 178 135 190 32 197 31 73 180 146 127 154 36 22 14 137 99 142 191 185 15 14 255 75 218 83 56 12 209 50 174 181 218 124 158 153 113 63 114 110 223 47 187 244 130 248 32 27 191 24 105 227 90 32 1 116 121 206 60 149 87 219 67 -1 25 194 39 181 88 159 157
114 181 191 177 218 3 35 120 111 229 188 132 246 106 89 42 231 28 141 162 209 179 227 99 3 46 55 30 12 140 14 49 23 119 195 77 157 110 142 197 189 150 40 139 62 55 14 68 74 62 209 152 3 205 142 239 226 120 101 70 95 134 156 130 130 149 130 82 243 157 96 222 49 176 41 35 128 197 110 239 156 63 165 33 136 39 6 87 237 22 51 90 223 80 69 158 225 53 85 245 142 248 209 133 98 227 54 54 18 175 243 212 107 188 115 120 126 136 129 156 223 -1 15 242 50 234 60 245
51 180 168 98 179 147 45 2 103 25 157 61 231 103 75 251 87 107 130 125 252 160 62 203 159 104 85 116 227 64 158 126 75 245 114 210 74 207 217 7 242 117 239 208 6 213 27 168 55 92 124 27 164 133 79 30 90 110 19 144 178 250 251 153 150 16 212 51 110 41 10 58 239 231 64 40 224 226 167 201 88 214 134 246 111 71 63 106 224 46 181 215 204 125 237 145 127 197 133 61 78 217 255 138 201 78 86 26 12 173 171 111 67 223 42 177 239 156 154 147 147 40 -1 63 5 134 229 26
187 192 74 11 102 48 132 192 244 59 118 61 192 229 43 215 142 102 110 103 114 208 181 67 58 24 217 254 219 138 171 197 253 178 241 127 241 75 197 160 159 14 249 26 8 53 45 128 153 135 108 139 229 246 148 247 79 104 28 27 167 154 220 17 11 84 177 101 235 245 169 214 77 5 94 13 83 144 10 44 194 225 205 92 69 108 186 68 130 182 106 122 195 36 111 254 129 127 94 23 88 19 96 55 39 235 35 53 7 186 6 171 179 16 208 9 254 65 196 180 128 77 54 -1 127 133 119 43
238 64 62 247 58 186 252 136 179 92 206 141 235 215 99 231 136 187 23 23 150 6 129 251 86 253 49 190 198 89 196 142 202 167 90 208 47 29 219 125 248 127 162 100 193 169 177 239 251 117 219 242 130 42 171 14 219 86 75 102 174 38 163 216 58 18 15 21 150 229 131 29 118 75 193 162 172 119 39 36 112 255 126 247 163 214 203 197 244 112 160 20 244 109 135 47 211 84 150 145 228 15 205 3 182 248 110 46 179 117 243 220 254 192 45 48 75 202 54 122 80 193 193 20 -1 251 71 123
211 45 46 111 50 178 207 132 213 244 77 67 42 241 254 95 38 59 136 68 88 164 213 58 37 7 249 147 11 5 75 201 123 120 91 42 139 11 58 175 79 30 140 84 217 232 152 1 135 56 49 244 70 83 161 187 81 69 26 107 241 254 53 226 4 135 170 75 108 198 122 100 23 111 59 185 142 182 116 203 8 90 252 20 168 252 176 78 134 25 235 170 67 63 153 116 168 3 169 246 163 128 91 45 25 117 70 163 165 22 142 223 7 8 108 39 21 114 109 11 116 225 46 125 125 -1 90 180
101 36 70 242 138 79 48 163 161 236 208 51 241 205 184 208 146 30 225 246 78 36 135 108 177 241 6 88 112 75 123 161 234 186 221 172 73 181 237 51 138 96 216 176 55 209 80 5 52 136 151 72 87 48 173 124 246 167 155 255 139 235 33 132 88 207 86 5 195 97 238 225 169 94 145 121 68 182 159 159 156 223 23 91 60 135 10 241 65 236 163 40 91 206 99 252 254 119 148 218 236 163 187 218 47 242 160 169 248 110 169 225 233 65 126 179 10 68 231 51 175 202 80 140 24 217 -1 195
76 99 9 201 54 237 163 227 209 191 26 5 47 138 90 172 255 183 231 114 245 46 130 99 80 56 232 249 22 91 103 16 43 17 190 11 231 142 213 190 99 152 83 227 101 59 126 147 48 29 212 20 109 248 226 122 142 75 171 238 251 6 243 83 42 221 25 141 74 21 7 17 79 39 54 161 133 170 245 15 58 107 127 209 25 115 89 25 87 213 136 93 125 121 176 234 195 67 122 95 23 229 181 233 195 115 76 114 229 215 139 159 174 216 28 46 226 194 58 114 165 99 36 163 177 238 245 -1
