# 64 64
-1
203
189
172
214
209
14
228
43
52
36
35
45
187
224
208
177
80
138
34
79
15
196
245
82
37
146
152
178
175
179
71
147
209
202
255
135
110
166
153
210
153
192
180
182
62
64
115
241
30
95
112
13
134
81
170
78
187
133
201
236
148
208
239
# 64 64
5
-1
156
133
242
74
156
16
68
26
108
107
18
44
103
13
104
203
165
17
78
26
128
249
73
80
187
172
95
138
218
230
93
108
244
21
220
9
172
142
71
69
121
75
136
191
109
205
133
4
229
139
34
221
99
157
136
198
216
8
92
197
35
179
# 64 64
219
25
-1
57
250
89
57
44
179
146
125
80
100
52
234
65
225
226
147
195
98
31
12
19
139
121
97
137
28
238
100
18
80
126
138
10
168
68
128
182
68
227
159
242
198
129
115
207
40
194
253
222
29
11
4
46
238
146
183
160
117
119
76
253
# 64 64
29
97
239
-1
38
124
28
90
27
179
146
10
92
206
117
100
174
61
58
110
220
177
212
242
11
123
60
163
113
120
252
152
245
14
55
12
190
214
218
65
181
58
217
146
144
254
168
38
79
216
74
146
175
33
69
6
100
106
99
39
185
68
31
44
# 64 64
231
107
98
93
-1
60
177
249
180
253
79
85
230
43
136
123
51
174
251
97
25
37
99
202
134
151
99
14
126
11
224
102
9
12
123
222
84
104
33
108
211
38
111
105
3
157
19
33
198
20
106
148
74
89
14
126
152
48
91
181
106
224
224
185
# 64 64
237
155
179
58
250
-1
150
135
212
72
119
148
99
92
189
179
81
23
202
68
183
64
59
163
6
235
244
154
38
217
136
218
90
34
154
143
196
238
156
247
145
249
9
184
110
128
219
159
54
100
21
98
212
33
8
227
229
7
199
152
147
237
138
55
# 64 64
119
212
66
73
77
206
-1
180
244
176
240
197
249
181
127
138
243
255
161
157
123
26
125
10
74
150
165
164
210
246
40
228
229
78
203
179
188
239
43
219
219
173
38
223
46
127
135
109
20
146
13
163
33
192
245
254
196
206
98
206
202
214
91
5
# 64 64
92
156
93
65
173
83
208
-1
48
137
97
72
167
250
181
228
153
249
229
52
244
252
227
49
40
189
207
116
163
188
56
188
152
222
54
202
176
32
63
249
50
191
81
110
121
76
78
144
128
166
12
118
5
36
228
128
88
142
156
251
80
174
217
117
# 64 64
128
144
120
170
158
42
147
233
-1
61
48
126
117
102
214
140
124
67
109
3
227
183
99
143
9
7
24
44
201
247
157
104
121
248
87
108
42
59
24
9
142
233
142
44
67
162
147
24
253
234
43
210
169
19
122
13
173
101
156
180
182
182
5
26
# 64 64
7
43
251
219
50
120
147
178
249
-1
253
233
172
196
249
41
226
36
93
129
46
22
239
121
245
117
127
59
49
153
225
212
97
180
71
98
105
65
137
98
40
156
203
197
30
47
3
19
48
181
132
240
184
210
48
35
107
84
1
21
143
236
196
62
# 64 64
60
9
153
154
17
25
169
178
250
192
-1
66
119
56
121
124
90
45
4
95
233
204
219
114
76
130
208
246
217
129
221
194
51
222
58
214
145
84
57
246
92
251
64
113
189
82
218
214
142
175
13
174
188
52
171
146
131
51
114
142
251
5
10
131
# 64 64
67
118
248
146
243
167
130
65
123
133
66
-1
118
94
231
247
17
92
80
129
250
32
60
69
18
133
68
237
134
89
139
250
75
114
125
30
37
32
117
29
62
228
198
41
39
42
25
22
141
26
221
225
150
150
167
81
209
17
81
66
190
189
32
153
# 64 64
216
124
229
162
186
201
74
240
37
19
143
218
-1
162
58
248
209
38
74
30
133
216
134
136
98
46
163
67
81
128
236
95
160
19
209
49
224
202
48
46
109
163
127
52
5
65
240
119
233
59
20
146
88
128
175
137
96
49
44
223
197
32
45
85
# 64 64
65
136
2
161
111
166
148
205
114
222
68
154
180
-1
1
213
105
95
191
248
187
32
127
182
93
92
6
88
55
13
189
155
75
121
168
160
221
199
188
134
35
245
247
255
25
20
51
48
112
128
39
204
208
182
169
160
129
38
78
125
218
1
3
67
# 64 64
68
15
254
203
108
127
58
13
67
152
65
62
74
231
-1
191
81
34
212
195
134
88
210
240
248
118
81
175
8
177
175
159
246
51
226
23
198
17
132
241
54
210
99
3
66
131
84
4
90
161
209
80
148
51
176
90
2
201
175
117
44
76
124
201
# 64 64
128
59
184
88
183
69
151
96
111
101
106
117
231
239
60
-1
192
140
209
214
117
105
76
217
234
80
234
76
104
13
19
148
125
55
127
59
16
163
210
68
191
93
30
2
232
99
93
37
201
131
24
43
214
223
124
18
143
157
131
34
252
201
58
245
# 64 64
79
188
84
209
179
9
194
196
117
15
156
156
32
103
47
32
-1
19
241
190
160
46
253
1
125
148
204
117
245
154
1
177
222
193
143
21
243
205
147
15
99
188
114
192
242
173
109
9
249
10
97
90
232
238
254
51
116
60
243
69
122
189
177
47
# 64 64
39
55
94
150
29
157
152
159
134
12
117
213
170
131
246
105
54
-1
211
138
192
84
25
7
245
155
40
208
211
186
64
205
127
8
60
125
254
218
184
20
133
36
163
9
189
123
134
210
7
99
79
42
165
224
43
192
114
79
43
169
87
159
125
156
# 64 64
19
133
118
72
89
78
50
32
8
242
228
240
95
4
38
81
92
30
-1
84
62
1
19
173
148
193
15
200
200
142
223
70
142
53
157
115
23
38
224
86
225
218
14
111
74
225
185
83
4
244
122
182
118
199
99
169
65
243
192
42
230
96
113
210
# 64 64
243
152
161
238
87
78
12
158
211
100
110
76
231
9
207
242
201
226
73
-1
210
22
51
160
41
208
65
183
100
2
153
44
34
48
173
90
169
208
196
250
73
165
65
254
213
70
241
152
181
126
41
211
49
192
148
248
172
244
14
241
174
100
137
18
# 64 64
206
219
138
95
195
142
104
114
172
95
156
224
150
198
55
89
75
150
100
130
-1
170
223
165
127
235
56
252
235
206
24
184
43
63
91
4
31
141
68
184
193
187
62
121
63
211
237
226
74
99
231
12
247
47
1
101
53
134
176
21
127
83
160
123
# 64 64
191
234
218
208
18
234
111
37
62
37
229
211
52
69
34
218
103
35
171
63
37
-1
29
57
110
51
59
82
129
195
174
29
133
232
64
151
238
204
197
115
110
59
3
240
194
251
45
225
99
157
93
73
210
156
2
129
235
145
79
86
205
107
96
76
# 64 64
35
202
189
165
105
205
33
232
218
29
54
214
182
181
28
22
24
132
194
153
143
54
-1
174
159
62
35
142
150
170
39
249
25
216
10
231
224
95
227
167
202
243
81
132
10
34
48
105
16
9
34
145
150
144
226
204
228
241
146
68
92
79
92
53
# 64 64
84
54
231
15
64
113
200
199
228
178
141
15
193
196
215
42
124
47
238
16
152
80
94
-1
52
231
126
183
67
125
84
5
66
180
104
236
28
164
18
42
146
25
218
224
113
153
85
239
61
123
212
148
67
211
78
189
250
191
32
18
47
235
253
162
# 64 64
76
36
218
130
239
219
19
239
19
48
94
91
229
210
221
53
203
149
168
179
253
68
165
48
-1
74
78
121
2
201
217
185
85
110
218
103
173
34
108
128
173
227
47
33
58
215
94
32
250
184
228
101
114
214
22
192
66
137
148
41
156
236
88
188
# 64 64
43
112
221
224
244
71
150
33
96
120
112
18
97
202
122
67
133
164
83
155
62
106
59
72
207
-1
79
206
236
121
226
83
163
31
109
232
142
197
229
128
32
224
35
193
59
12
21
238
73
113
177
173
26
25
148
24
110
40
45
8
251
9
167
85
# 64 64
146
167
46
194
129
197
150
161
5
83
178
73
53
44
10
247
2
40
100
175
8
179
242
12
254
203
-1
66
170
239
18
163
184
201
186
101
164
250
158
240
203
27
68
190
163
254
133
206
159
134
113
14
191
2
118
47
192
99
33
128
167
70
195
182
# 64 64
102
93
205
125
164
212
132
98
128
75
219
234
181
201
48
4
76
228
165
57
137
56
139
87
45
82
243
-1
226
55
173
140
94
140
47
225
220
24
3
138
43
109
60
28
226
40
197
61
118
190
249
128
64
3
44
91
5
153
226
209
120
68
139
76
# 64 64
108
245
86
246
203
136
19
86
53
125
137
61
182
175
249
224
108
23
169
24
226
97
153
26
243
96
28
233
-1
183
101
54
180
40
214
124
226
70
47
125
71
230
43
156
39
191
54
85
29
63
250
203
217
35
152
85
116
9
132
202
154
20
17
112
# 64 64
60
181
119
84
167
235
226
209
132
254
183
11
11
130
177
17
63
165
180
95
200
170
9
61
15
34
204
109
87
-1
226
86
175
250
39
244
34
117
149
213
132
52
221
23
219
234
85
181
26
95
241
85
117
185
96
50
167
52
83
223
161
198
118
242
# 64 64
22
98
213
233
219
163
35
45
160
116
61
241
197
133
171
184
143
211
72
94
61
107
169
135
41
160
212
135
156
72
-1
209
180
202
182
36
175
171
59
163
22
172
142
126
151
104
50
150
71
164
51
227
252
60
190
8
177
186
24
15
242
214
104
209
# 64 64
96
254
75
183
97
111
194
64
215
99
96
109
92
239
255
154
162
171
220
229
38
21
235
151
118
125
81
195
243
119
179
-1
186
47
188
252
126
42
173
219
25
48
211
98
164
33
190
21
63
179
186
117
253
125
123
122
127
163
147
212
255
253
254
129
# 64 64
18
22
115
136
64
6
241
164
53
39
240
41
83
188
10
146
135
33
55
103
121
148
250
200
36
53
151
136
78
113
131
172
-1
158
93
82
18
243
121
19
205
238
73
116
101
163
106
243
139
239
219
70
78
23
23
223
149
61
162
230
80
34
97
26
# 64 64
219
156
36
82
106
9
172
249
134
83
67
185
228
17
191
61
244
208
150
17
244
165
176
140
199
202
42
50
141
77
116
32
172
-1
252
254
189
238
83
232
174
11
158
101
180
132
81
136
210
231
123
103
84
67
68
138
221
119
199
57
211
202
135
234
# 64 64
80
249
109
64
185
142
127
146
85
139
96
157
40
36
179
161
31
151
111
35
76
61
167
37
147
149
58
72
100
32
187
63
35
119
-1
51
244
145
140
199
219
38
180
224
147
9
178
176
71
16
123
143
185
25
83
65
129
13
74
62
230
171
156
56
# 64 64
126
119
20
160
100
182
220
203
60
119
199
39
172
141
68
113
12
95
130
36
142
42
101
251
177
4
191
161
157
139
122
215
27
147
11
-1
118
80
90
172
107
86
223
38
73
215
106
177
217
177
76
104
84
206
2
30
79
1
106
76
121
202
160
118
# 64 64
61
211
81
250
161
216
101
180
166
237
8
44
85
201
249
74
5
254
111
64
240
182
98
195
95
62
105
168
233
122
233
75
90
251
104
114
-1
5
77
75
42
208
60
29
250
55
86
186
70
249
174
233
52
63
152
220
42
100
98
65
186
121
102
160
# 64 64
100
64
16
244
191
120
105
198
8
230
169
56
207
159
22
203
130
212
22
200
225
157
57
133
72
207
236
121
56
171
33
102
143
12
212
230
160
-1
150
220
118
72
22
231
132
117
40
66
191
207
208
50
135
250
124
56
75
16
68
179
132
109
212
160
# 64 64
215
133
26
72
189
28
134
189
200
162
111
16
51
222
60
27
13
71
2
119
166
219
133
131
80
155
209
31
48
68
78
136
188
177
142
18
3
14
-1
220
110
14
75
9
56
111
148
133
216
67
227
67
220
150
25
93
127
212
254
109
77
97
42
255
# 64 64
52
211
181
251
158
167
105
89
146
222
193
65
52
194
165
13
207
50
42
218
164
46
237
62
27
207
105
5
3
252
49
149
174
208
86
1
97
49
233
-1
82
194
220
209
97
118
100
194
255
220
58
159
157
44
83
46
223
153
161
83
88
13
64
197
# 64 64
108
37
22
9
87
86
13
231
14
66
201
207
248
95
133
73
73
59
113
123
109
146
135
151
108
14
168
150
102
102
31
32
162
239
156
88
98
186
123
69
-1
201
16
197
11
69
61
113
208
157
243
76
211
6
4
197
64
220
84
93
153
99
159
162
# 64 64
157
80
179
74
194
189
88
75
44
38
173
43
38
239
194
224
231
188
110
27
149
32
66
126
197
27
9
77
30
31
66
75
71
233
231
250
96
92
94
185
48
-1
88
250
109
118
201
72
143
36
21
158
21
134
1
59
129
4
196
137
66
229
105
8
# 64 64
117
44
253
105
63
99
236
137
109
228
237
40
145
208
138
39
203
172
164
2
199
190
128
68
55
23
251
94
188
131
180
206
191
250
64
51
171
140
241
96
178
215
-1
41
20
168
183
96
40
79
249
25
127
91
189
118
19
60
83
253
58
93
145
39
# 64 64
156
113
30
1
105
176
172
204
130
216
170
214
161
119
109
106
232
50
171
225
139
89
106
18
6
87
209
40
48
118
144
193
74
36
168
178
196
204
142
48
222
69
93
-1
154
27
17
29
238
225
61
82
223
144
152
128
157
23
7
244
185
79
156
202
# 64 64
218
225
106
32
210
241
66
66
143
117
127
166
188
70
88
58
220
196
88
73
159
106
97
36
211
125
151
195
70
15
210
55
245
224
16
235
65
112
243
148
74
200
107
44
-1
74
165
140
4
101
25
32
70
20
213
215
25
64
215
56
164
114
158
107
# 64 64
104
55
232
78
33
234
29
71
153
154
87
142
197
173
198
236
183
194
124
143
247
191
204
255
153
129
137
71
8
77
66
163
153
187
86
52
19
6
153
68
38
182
76
239
212
-1
103
61
224
107
203
85
178
98
238
213
68
147
107
109
53
211
192
58
# 64 64
166
237
141
26
199
75
186
170
142
224
24
176
118
250
102
66
80
157
214
209
156
107
194
210
170
13
95
131
179
10
102
105
205
95
216
219
79
61
2
56
81
81
182
175
216
241
-1
11
122
133
40
135
64
226
19
1
154
181
201
253
115
248
151
155
# 64 64
211
28
205
200
221
109
112
43
246
124
123
99
140
120
102
126
131
222
168
241
247
193
171
172
184
14
58
197
42
113
49
173
99
48
160
9
152
97
39
242
90
175
244
178
209
134
94
-1
8
126
26
41
234
38
54
120
173
210
212
102
143
71
61
44
# 64 64
173
24
125
30
103
123
111
63
151
226
155
46
18
238
57
157
250
173
218
107
125
155
69
138
81
255
48
13
190
96
49
27
207
197
184
252
212
148
190
125
217
33
168
118
254
38
79
255
-1
35
81
242
43
127
189
138
214
90
210
178
177
160
103
211
# 64 64
219
125
167
184
172
75
107
229
44
13
198
58
144
208
56
44
60
194
149
34
56
123
187
199
97
139
35
98
2
50
81
93
100
218
126
73
237
96
160
201
151
163
147
169
106
82
237
249
183
-1
39
155
10
236
194
214
69
52
172
246
96
50
42
239
# 64 64
96
56
114
243
243
147
111
171
240
232
52
213
71
3
99
246
100
161
36
105
132
238
49
163
208
200
171
185
33
117
2
248
33
24
132
66
85
117
180
161
42
252
113
14
41
241
154
188
55
4
-1
210
219
247
58
29
198
171
200
72
81
84
14
12
# 64 64
216
244
85
237
58
227
26
182
208
245
94
58
112
246
47
42
130
139
230
29
43
15
242
122
66
240
104
43
85
235
8
207
225
80
92
222
26
200
103
77
121
188
69
252
246
200
98
192
141
108
108
-1
153
226
184
169
151
30
47
39
80
133
7
161
# 64 64
95
245
107
26
173
252
82
1
76
229
34
101
80
206
35
200
146
77
37
14
134
250
192
7
176
73
232
4
119
33
204
131
75
156
171
211
30
218
237
58
98
125
130
166
224
111
67
22
69
218
144
153
-1
241
96
241
133
252
199
149
105
227
243
125
# 64 64
6
78
80
184
19
173
151
116
10
181
176
242
120
197
175
109
1
126
45
213
111
218
221
209
91
65
152
78
239
211
188
213
5
248
145
72
166
96
255
221
43
130
163
72
139
127
215
243
51
104
250
140
202
-1
181
36
123
40
181
100
207
247
54
132
# 64 64
36
124
65
218
160
72
211
190
142
180
199
66
58
80
244
34
143
114
193
135
45
228
117
80
226
247
93
148
51
207
238
146
173
183
70
195
85
33
140
134
145
54
3
142
33
184
233
100
246
123
56
109
1
51
-1
62
86
252
189
145
62
223
77
82
# 64 64
233
64
121
127
113
6
216
4
22
53
103
169
179
54
68
118
66
17
75
110
112
164
165
172
133
250
199
250
198
50
48
204
203
236
113
3
108
107
72
246
95
20
222
137
67
254
57
20
84
114
142
133
161
106
52
-1
170
181
96
154
103
203
32
1
# 64 64
59
115
224
131
105
250
253
238
88
13
151
105
78
237
143
73
21
230
51
104
42
34
183
166
97
221
98
254
186
206
144
230
92
147
140
99
242
247
242
88
201
241
148
222
76
171
154
36
42
22
137
20
40
120
215
184
-1
152
33
127
225
24
28
25
# 64 64
29
244
233
53
122
107
241
59
70
181
224
235
226
235
47
160
80
75
4
141
64
183
32
69
198
43
211
112
145
36
103
103
84
171
133
210
48
173
133
194
43
151
148
57
126
79
149
55
20
107
112
125
97
39
16
18
44
-1
25
235
61
114
194
110
# 64 64
250
137
165
253
201
52
12
134
39
160
154
155
33
1
192
13
109
141
134
215
48
174
131
31
27
31
7
135
159
132
78
218
91
47
81
225
136
124
14
87
8
199
166
244
124
89
188
105
50
103
110
6
96
230
114
26
196
168
-1
143
205
83
98
8
# 64 64
251
116
149
129
240
39
229
53
47
201
51
101
20
173
134
239
17
218
119
47
84
104
148
232
250
153
151
119
110
103
107
102
47
136
23
234
30
111
20
215
100
218
238
22
212
15
252
4
129
36
101
13
83
113
13
57
66
73
41
-1
133
123
133
166
# 64 64
48
1
170
91
38
97
254
147
15
142
31
106
121
234
27
240
194
247
35
49
179
123
100
144
136
73
226
18
169
206
149
224
144
231
181
255
8
193
202
195
98
203
177
219
47
54
9
223
89
16
197
17
174
159
124
93
111
234
98
150
-1
170
160
137
# 64 64
158
251
218
39
246
138
101
151
255
103
150
25
29
35
48
18
140
61
61
215
5
71
85
216
175
151
191
152
8
242
143
109
75
202
32
43
16
31
164
245
114
194
221
122
93
161
64
90
85
108
22
250
248
87
237
167
50
2
86
143
235
-1
81
239
# 64 64
135
104
199
120
187
230
17
144
134
217
78
179
47
162
51
67
79
183
68
14
211
226
25
253
229
72
229
233
238
145
252
236
196
187
177
14
158
79
82
137
122
56
25
57
43
169
238
185
220
19
104
76
170
202
72
246
31
113
29
183
54
9
-1
40
# 64 64
107
169
246
149
98
92
196
93
38
169
32
48
249
238
94
37
74
183
13
232
212
43
16
176
99
208
123
75
60
38
195
93
91
155
197
224
221
224
173
22
110
93
3
236
206
56
255
173
212
135
17
73
146
224
247
226
211
28
4
15
243
108
21
-1
