-1 44 178 176 141 1 145 249 181 170 210 49 230 246 47 62 4 152 154 142 216 11 193 102 97 243 89 203 51 202 254 173 129 143 9 163 153 237 247 90 216 176 176 138 224 120 106 160 232 99 52 208 62 141 152 115 137 221 223 216 5 100 62 224 162 226 133 102 30 44 19 17 201 127 78 217 105 94 105 224 117 156 44 117 189 32 194 167 82 169 123 130 218 173 149 191 99 83 81 128 104 58 39 204 246 34 97 124 45 233 138 100 115 23 183 78 4 137 225 135 28 102 87 174 4 255 228 194
95 -1 237 118 69 204 138 219 215 148 226 72 200 44 47 108 148 243 87 8 2 194 163 95 75 193 217 48 219 16 34 40 191 35 217 220 77 147 251 218 45 32 71 11 223 19 184 105 203 24 154 136 45 155 231 62 93 199 249 188 9 44 88 109 224 160 251 159 31 12 30 255 135 79 246 158 113 22 198 31 122 87 61 123 147 242 48 247 204 99 210 248 93 190 114 230 221 203 242 119 174 239 170 179 102 184 199 212 227 31 148 244 151 135 158 31 127 31 45 205 210 66 20 244 105 92 9 147
34 183 -1 22 176 167 78 139 223 158 253 207 42 203 120 30 157 183 165 251 185 126 190 115 207 90 129 132 158 148 143 239 107 172 174 97 12 76 74 194 177 68 41 100 95 167 218 221 8 149 134 85 51 196 244 221 139 57 115 10 223 194 90 33 105 226 83 232 236 131 80 145 57 151 156 189 35 51 38 243 93 141 242 148 12 224 32 155 158 69 1 6 84 39 23 110 122 184 209 100 188 117 236 84 243 102 78 190 37 120 29 226 180 190 215 107 215 87 67 140 154 24 40 196 26 28 3 74
124 221 3 -1 162 203 170 30 203 32 203 7 68 31 24 167 170 187 194 41 3 122 146 37 196 243 163 249 53 87 83 51 26 8 147 136 67 116 158 179 239 215 43 232 47 3 72 220 127 101 138 218 7 84 192 103 57 8 20 15 188 233 252 158 159 34 8 181 119 50 23 133 61 140 130 253 190 153 164 29 207 248 91 22 182 174 191 139 16 212 72 113 146 209 8 115 1 242 46 69 139 208 184 78 3 91 230 12 161 39 126 180 49 253 43 102 61 236 14 127 251 241 26 66 19 164 243 127
108 220 166 69 -1 238 167 36 89 95 198 255 198 167 125 228 60 223 57 143 120 74 214 108 67 103 141 163 76 124 164 41 239 46 7 85 66 152 94 254 186 235 25 204 14 81 41 97 149 53 82 172 79 213 36 21 141 65 210 25 22 207 234 203 196 167 122 41 9 243 172 181 194 16 132 247 50 11 38 208 195 121 197 128 220 171 38 75 243 176 20 125 3 109 167 202 171 11 18 131 47 63 66 119 27 29 38 55 211 239 216 97 183 233 93 87 150 60 95 242 206 20 116 243 32 215 234 220
155 188 167 42 212 -1 37 192 144 171 154 215 12 1 83 191 49 239 161 245 82 158 68 60 149 87 237 130 123 54 202 46 237 202 245 84 113 37 221 4 77 90 45 239 12 114 228 241 174 153 57 82 73 222 140 178 151 185 190 148 240 186 160 63 115 88 211 77 64 152 245 102 98 191 38 231 159 40 16 118 107 129 41 87 172 17 174 20 108 222 146 255 74 86 24 32 141 19 229 219 89 221 179 129 157 249 126 10 3 100 137 15 219 191 79 143 230 11 72 231 83 156 57 194 99 83 122 18
211 231 125 113 163 11 -1 85 34 181 68 75 251 209 158 3 186 33 8 222 5 43 235 82 124 222 232 214 130 153 168 209 128 211 8 139 214 206 225 51 30 179 45 251 51 53 125 71 251 8 65 142 78 151 71 244 59 145 27 44 108 243 232 41 89 164 57 93 18 100 178 165 103 84 170 66 127 209 114 66 142 225 92 62 233 38 61 111 122 62 117 155 82 202 238 213 87 41 138 59 159 197 38 92 234 199 181 129 232 153 250 130 133 85 114 183 73 157 186 115 147 11 252 114 91 153 224 12
113 4 14 156 243 98 71 -1 205 202 12 160 151 51 89 78 91 181 116 246 164 200 43 253 107 119 210 141 71 33 121 148 2 207 99 4 109 226 117 87 157 142 177 114 121 43 156 154 139 64 166 156 32 253 205 77 138 226 122 234 126 45 84 4 210 181 21 171 54 78 105 177 141 153 247 106 160 12 199 123 96 65 105 227 114 92 26 84 216 107 128 154 138 109 71 54 203 49 32 98 206 232 70 39 35 160 167 14 95 96 234 100 160 174 245 198 11 169 89 70 125 165 64 215 8 6 148 233
138 28 69 209 36 127 3 130 -1 175 214 187 83 150 191 244 81 242 127 184 43 94 37 40 241 170 32 114 121 171 76 14 31 1 244 33 110 14 33 138 59 130 123 44 11 12 193 10 136 223 93 189 20 250 220 101 140 40 16 77 183 198 34 96 44 16 213 170 88 214 15 57 48 6 82 131 70 213 54 253 135 121 228 86 203 246 206 9 215 18 92 134 250 207 1 29 120 213 135 246 117 47 100 20 139 204 62 153 3 129 10 71 232 3 73 99 66 11 49 70 129 128 170 12 110 214 115 34
6 219 32 230 64 31 182 188 120 -1 165 156 40 226 193 116 140 22 251 135 115 205 254 123 89 134 168 65 222 66 243 170 217 213 167 232 187 180 186 165 39 214 255 137 231 196 130 234 110 19 3 230 139 11 85 146 169 2 212 241 199 124 57 62 149 19 110 204 101 31 226 202 165 157 58 189 68 57 47 197 56 234 50 69 181 254 64 94 136 146 144 201 170 102 254 40 47 195 20 175 102 226 171 202 5 45 253 233 81 157 8 234 220 151 42 157 140 175 61 110 34 92 57 95 69 17 6 214
27 112 103 78 158 23 113 250 198 226 -1 213 228 229 141 158 28 80 90 31 10 74 66 210 77 25 144 145 240 30 129 96 157 116 232 103 73 225 36 254 54 57 183 13 135 192 7 5 192 82 219 39 11 90 181 183 147 62 84 155 132 51 1 80 131 52 188 54 21 194 226 105 21 70 111 174 180 66 160 7 104 87 35 211 172 31 216 147 113 19 144 55 214 200 166 94 128 96 66 193 234 92 20 161 131 85 17 58 150 13 230 144 127 42 77 137 69 182 29 138 177 87 170 61 8 188 128 157
97 42 49 234 175 202 167 3 28 235 79 -1 215 113 221 243 176 30 179 129 187 70 83 5 5 52 133 197 50 51 197 62 135 65 90 67 198 65 64 115 97 148 59 196 34 117 248 243 178 153 103 247 221 19 168 225 117 221 159 46 175 102 201 150 166 225 42 63 27 108 183 153 161 196 75 114 140 229 92 21 2 153 153 20 65 33 252 158 8 194 252 82 63 227 237 162 120 166 13 181 148 147 185 132 138 43 221 34 105 210 218 62 168 177 112 153 26 111 224 186 90 30 175 79 187 4 29 133
147 253 247 165 29 60 116 214 220 98 149 83 -1 26 209 114 226 65 43 193 67 4 128 16 47 7 88 225 39 183 98 116 107 73 107 107 193 54 210 92 198 216 217 136 178 133 177 40 159 178 203 142 55 149 96 205 110 5 116 246 71 223 209 65 185 93 171 20 222 238 124 225 6 30 144 201 129 40 54 183 117 233 127 102 223 33 35 14 110 235 83 54 96 177 194 101 198 142 172 238 50 127 238 31 235 197 24 58 45 189 12 249 89 43 167 65 227 159 119 129 193 119 229 182 113 139 141 243
203 154 212 173 86 190 113 151 16 78 171 245 100 -1 73 245 67 111 99 118 91 96 131 115 78 142 135 169 98 182 167 69 17 242 130 201 68 254 66 251 161 115 137 55 203 57 51 243 240 122 188 175 153 63 75 109 4 170 81 34 184 227 104 105 153 56 47 221 177 157 176 158 38 23 167 207 227 155 14 166 197 244 166 114 201 39 233 38 199 138 3 137 73 76 110 188 242 99 185 46 182 74 140 133 246 133 217 178 214 168 36 3 27 125 215 228 220 5 63 106 116 222 24 168 61 40 112 9
115 226 222 178 20 37 20 158 211 95 219 216 219 152 -1 32 111 162 181 219 139 110 97 42 35 230 176 204 172 71 47 172 105 220 110 36 115 194 167 103 245 207 226 68 114 221 57 59 195 96 79 228 141 99 1 240 215 182 187 232 121 87 3 78 5 176 223 245 52 35 32 47 236 235 19 53 169 74 156 152 236 213 158 33 173 107 122 209 188 158 124 11 149 119 24 30 220 112 61 227 126 40 219 63 157 148 187 71 66 120 195 91 7 144 46 21 81 204 67 128 116 97 177 188 117 198 50 108
220 131 31 156 210 20 211 203 3 47 84 58 72 34 136 -1 43 66 82 59 99 225 14 203 33 48 2 198 10 33 102 150 255 28 39 208 229 139 12 82 107 17 59 69 43 17 151 105 96 246 159 191 84 76 23 54 25 211 176 189 251 73 26 181 138 244 241 90 140 132 61 129 181 190 2 147 147 157 111 249 58 63 78 10 174 223 53 223 138 120 183 116 218 222 159 52 126 225 1 236 218 150 200 29 165 235 220 151 54 84 232 242 230 172 253 89 26 65 215 36 26 206 69 157 10 142 149 239
34 243 159 87 98 150 177 52 191 159 244 153 123 122 243 245 -1 172 197 53 175 22 7 227 33 131 118 129 218 194 82 223 166 134 117 206 196 125 174 232 104 28 200 60 42 172 149 146 210 31 111 186 185 167 229 8 237 69 19 194 128 17 21 209 173 49 29 148 10 247 227 117 211 44 87 195 13 88 112 141 175 212 255 21 99 173 20 238 119 53 144 4 236 33 90 18 137 146 246 65 132 78 40 239 2 239 116 215 104 28 90 88 186 43 227 108 185 140 14 196 183 82 57 85 224 77 129 173
78 218 168 93 11 124 210 235 222 190 26 208 108 48 105 198 251 -1 135 110 185 129 222 154 10 105 83 3 16 147 5 126 112 168 19 127 116 60 164 163 107 119 134 97 98 197 79 65 210 195 116 205 203 4 51 125 74 214 219 151 22 71 144 233 230 198 199 116 183 243 24 91 198 79 17 186 100 186 222 24 189 169 90 223 162 105 252 213 193 37 85 244 228 135 182 217 47 196 49 204 144 8 12 245 75 111 54 196 134 211 74 232 231 33 68 183 71 132 125 246 2 120 142 35 238 194 154 248
27 55 170 109 214 124 247 121 224 22 155 69 163 90 19 153 186 119 -1 163 176 48 93 216 175 38 133 49 117 134 63 36 38 196 249 108 225 72 132 75 161 71 55 220 183 15 161 204 81 69 249 137 135 104 179 54 247 49 132 78 17 86 74 141 209 76 35 211 173 203 129 238 125 102 226 252 179 127 144 203 29 228 238 13 34 95 123 206 72 183 15 231 165 25 166 9 68 32 121 48 164 126 84 78 209 179 145 201 155 192 129 154 14 72 172 233 245 104 83 44 216 218 196 71 205 102 218 214
233 198 130 62 78 194 249 212 198 93 232 165 41 76 251 200 129 211 211 -1 67 64 242 68 89 98 88 37 1 250 123 158 97 144 205 23 61 127 99 220 125 138 216 115 27 80 199 186 94 87 103 249 95 152 253 189 104 250 60 144 132 8 127 215 207 58 57 239 206 64 110 77 53 71 166 88 3 168 231 59 145 109 77 143 106 107 74 141 5 31 165 120 35 126 167 94 8 72 131 235 18 33 236 247 249 21 88 34 104 1 170 114 1 137 148 249 99 147 98 73 89 225 76 38 5 89 32 124
111 173 168 212 253 99 124 107 203 152 54 29 175 221 127 216 12 147 30 106 -1 124 208 79 146 7 148 70 103 244 251 128 117 48 216 231 217 114 52 78 229 198 106 41 26 6 184 113 104 5 226 152 178 27 42 253 61 156 155 177 20 1 152 38 120 90 3 226 154 243 215 232 222 10 195 94 52 69 52 54 58 48 205 26 80 175 226 233 151 217 123 242 172 143 162 220 202 71 64 107 183 196 246 226 174 227 222 172 228 215 17 65 155 59 194 43 234 75 197 175 243 104 80 12 147 89 145 95
4 139 118 89 80 135 125 108 44 151 40 126 87 76 178 55 169 28 41 194 239 -1 163 242 132 157 86 163 8 86 254 116 31 173 109 27 123 62 233 160 152 41 159 182 18 102 8 93 234 100 200 15 158 119 137 210 3 8 208 51 109 201 156 11 114 47 18 50 157 32 127 242 248 144 171 247 199 121 103 35 117 221 76 173 74 223 156 11 95 92 213 46 133 86 154 132 223 143 121 2 39 139 220 25 230 239 250 53 202 155 80 166 189 34 252 46 125 52 49 232 77 216 124 158 22 109 213 155
155 198 164 169 90 174 217 214 7 223 95 175 199 77 111 59 7 185 56 95 81 232 -1 250 195 156 185 236 72 103 178 198 100 202 152 59 35 39 225 226 204 193 93 27 103 139 130 97 147 183 107 83 1 153 180 127 8 254 191 58 143 22 249 87 38 157 231 106 83 159 107 163 186 71 243 199 16 168 221 18 163 210 169 73 134 79 218 49 154 12 78 129 219 90 212 4 2 238 143 144 63 48 23 29 116 232 243 7 210 35 210 156 176 66 211 204 186 216 176 230 72 132 133 2 170 53 44 16
105 64 170 169 47 205 55 104 165 49 238 165 21 101 102 44 155 97 61 91 144 114 141 -1 16 160 235 42 70 145 23 231 234 243 177 130 26 56 253 207 144 126 21 2 69 104 81 203 41 93 169 3 3 96 27 35 215 209 162 76 115 142 204 141 171 59 42 136 231 200 240 184 165 81 168 75 178 150 199 154 64 66 213 15 203 73 206 233 70 56 230 193 197 255 80 239 38 205 212 11 47 162 135 41 141 117 112 70 235 236 167 70 243 126 58 94 191 51 214 120 213 134 22 110 62 9 60 77
185 70 252 107 55 146 221 233 182 145 35 51 157 219 2 132 138 251 144 128 108 209 72 164 -1 221 20 194 221 47 207 128 87 175 164 69 213 178 124 228 33 245 84 136 145 255 129 13 7 174 126 66 109 240 38 211 238 249 176 229 27 148 63 1 64 213 126 89 113 247 209 53 153 84 180 16 247 45 61 31 133 50 30 253 58 189 182 159 21 140 170 74 23 231 136 82 96 151 119 106 195 163 76 87 96 203 254 147 179 197 229 206 246 144 231 134 6 13 218 240 168 144 128 114 31 80 231 246
51 80 221 230 84 88 8 196 141 203 20 142 97 215 113 17 123 186 118 106 32 186 148 132 195 -1 167 191 51 207 129 231 72 239 227 220 94 137 94 140 126 247 168 141 113 177 27 207 171 81 131 5 25 188 12 39 26 6 20 23 26 43 242 135 176 75 68 71 133 50 200 3 191 87 115 61 92 239 197 223 102 44 53 234 128 219 173 36 29 65 103 49 15 144 97 142 11 116 103 174 81 238 251 147 79 80 155 30 201 109 33 234 108 217 205 71 235 224 88 124 178 250 237 84 167 220 237 229
107 225 69 16 198 83 111 89 111 108 248 231 69 226 10 160 71 78 45 180 29 106 143 83 24 248 -1 168 159 23 12 186 6 221 195 202 175 232 237 6 235 242 198 46 35 22 98 172 195 104 15 166 230 238 248 105 46 185 56 29 119 92 200 162 44 33 176 227 160 165 235 232 36 188 242 210 42 108 105 68 87 99 71 23 66 199 139 71 39 7 21 210 177 162 247 168 203 41 92 120 165 119 208 39 199 67 233 68 201 195 230 47 114 11 169 196 141 11 240 251 169 174 71 47 29 20 219 78
96 119 160 52 189 245 230 175 203 172 39 10 136 217 78 112 3 71 241 68 110 71 146 203 112 13 11 -1 219 56 102 18 252 202 17 36 144 36 19 233 182 207 239 129 170 142 98 157 87 122 75 14 68 139 39 47 134 78 93 97 81 197 218 161 251 104 179 253 148 93 188 252 171 38 53 4 39 161 213 152 227 215 118 208 154 71 203 236 129 129 157 169 121 67 109 240 122 58 222 110 79 121 82 42 200 4 40 118 71 94 237 70 132 242 180 105 87 226 246 230 129 218 66 35 248 71 118 24
5 22 233 158 64 50 200 79 165 56 43 199 128 188 9 231 154 127 77 38 89 91 74 218 154 189 8 164 -1 176 56 183 47 197 18 59 232 199 140 49 19 66 31 155 170 146 226 86 140 62 2 210 172 97 148 210 203 222 214 191 247 196 235 170 119 251 75 183 41 61 169 205 58 99 93 250 135 189 212 31 55 3 12 72 238 65 12 61 251 87 104 200 146 131 253 190 21 40 30 66 71 140 219 167 248 233 4 134 124 8 205 50 62 50 141 19 183 37 31 90 135 14 213 102 34 140 106 74
116 214 87 110 76 121 173 184 189 224 24 244 80 63 26 243 249 189 60 188 6 88 172 24 121 130 49 224 239 -1 158 113 206 43 156 188 19 231 51 143 4 145 91 76 171 16 191 205 176 119 75 125 255 212 202 33 230 178 210 82 125 201 249 21 182 125 63 179 75 53 71 181 92 147 147 153 163 9 151 86 6 192 131 13 12 142 82 211 75 72 193 175 14 237 109 24 225 35 237 229 105 215 26 72 176 156 58 112 141 170 121 253 13 37 112 94 47 178 157 71 16 120 214 81 222 114 59 151
155 248 160 116 190 226 63 97 54 16 189 152 101 221 200 77 176 193 159 116 153 251 61 245 170 88 40 31 239 78 -1 243 135 164 75 107 42 1 148 127 105 94 99 236 254 146 191 161 170 42 124 38 108 162 232 113 172 31 6 99 114 141 242 23 60 160 138 4 72 102 103 148 23 216 18 104 101 44 74 57 202 94 59 100 66 112 100 170 19 182 85 14 200 174 180 123 54 235 206 147 184 33 79 11 73 155 11 92 93 112 198 118 29 176 165 72 188 208 205 120 124 9 225 227 11 35 89 165
45 19 89 42 123 241 17 9 60 231 72 204 1 226 240 234 41 44 164 114 118 139 233 254 108 22 36 141 113 56 157 -1 155 37 221 169 184 150 174 175 178 104 185 83 23 89 72 99 109 115 189 84 56 152 15 110 160 149 48 122 155 191 113 195 124 222 18 116 144 165 181 200 45 190 136 199 2 251 8 33 194 198 160 71 157 182 123 117 59 117 81 107 42 159 213 170 131 85 83 143 44 22 89 177 36 94 5 129 148 69 75 192 208 53 67 209 243 9 225 16 7 214 61 8 46 32 167 180
192 45 225 175 211 180 119 185 34 37 47 27 76 31 117 194 148 84 55 225 245 91 225 78 215 232 34 2 211 229 236 180 -1 234 95 90 15 116 109 225 162 187 88 19 106 250 90 105 193 188 236 179 217 81 215 108 236 169 14 205 152 71 27 5 122 41 1 175 113 254 82 167 95 93 130 60 175 138 43 153 183 137 244 162 251 218 241 59 92 39 2 250 173 241 74 49 104 187 62 63 59 43 248 11 52 87 242 36 221 127 118 61 137 153 169 25 124 177 1 18 51 50 172 253 65 250 46 123
124 118 68 232 204 205 131 90 118 141 10 167 45 66 121 73 160 207 237 181 81 179 193 10 179 107 44 205 26 96 172 211 135 -1 173 15 198 210 88 168 104 100 213 186 188 46 206 211 237 123 195 47 156 178 245 40 179 98 151 61 25 207 151 181 77 35 152 218 137 158 221 153 211 117 133 14 77 10 3 203 190 153 121 73 233 169 177 211 163 117 196 215 84 16 236 193 246 204 125 139 33 141 205 191 37 244 13 220 176 156 12 22 234 25 87 38 177 125 219 41 27 232 237 205 174 36 132 253
52 212 47 23 39 80 178 177 253 199 103 108 186 170 147 4 33 141 42 17 39 186 25 255 142 165 123 143 21 93 54 198 61 118 -1 215 177 41 47 92 4 134 27 203 245 4 138 17 144 201 133 241 7 74 63 91 198 81 242 231 96 133 203 242 157 71 84 47 222 72 69 155 90 202 22 9 91 239 134 202 204 65 221 216 8 249 211 3 77 39 242 131 139 193 191 222 74 7 20 172 252 149 107 31 160 32 232 169 221 75 118 83 12 91 117 244 6 23 55 160 169 222 49 17 51 221 255 158
98 52 254 3 162 102 175 24 215 86 56 236 172 218 133 8 175 73 146 249 56 165 241 197 237 69 220 104 175 95 250 189 186 135 4 -1 228 140 61 8 239 167 115 210 116 13 221 54 192 62 68 105 160 209 32 169 15 129 69 228 78 68 225 151 243 37 57 3 157 93 231 52 241 203 20 249 241 105 169 222 245 215 112 84 54 228 231 3 227 245 251 133 148 104 35 40 83 182 174 156 19 115 26 242 245 250 117 70 118 170 212 151 149 197 9 55 88 28 229 80 77 88 5 123 44 194 192 25
109 213 20 241 53 70 221 194 221 230 147 131 94 130 236 16 247 217 41 198 99 9 18 18 135 73 122 222 178 129 43 255 140 130 98 109 -1 172 60 109 36 133 251 234 237 124 41 164 65 185 5 159 71 66 65 10 228 63 65 22 205 76 124 35 88 239 243 140 184 122 237 106 13 37 156 214 27 62 102 249 194 35 178 55 253 126 168 38 97 187 250 42 56 181 115 53 58 19 88 144 80 109 49 12 169 85 129 139 90 199 35 182 10 67 146 162 3 243 69 202 241 64 42 169 47 133 44 76
38 242 61 82 208 88 54 88 155 228 121 17 46 195 56 188 75 97 27 224 31 237 115 76 65 175 189 98 189 75 198 252 96 205 178 121 154 -1 228 206 133 135 117 97 156 82 114 49 151 135 21 94 185 7 32 13 188 3 137 197 75 227 88 249 176 184 217 16 87 232 50 23 109 166 149 193 235 212 165 234 90 131 206 118 34 243 81 40 74 189 248 67 96 242 84 123 2 65 125 17 2 243 233 224 116 201 200 123 251 201 188 12 251 8 182 44 123 108 79 58 152 27 135 98 162 194 67 137
93 220 186 23 221 242 188 229 25 137 196 16 90 244 207 243 129 185 32 242 205 88 222 53 63 137 136 203 184 172 52 231 148 169 71 69 94 3 -1 239 23 32 149 150 69 165 189 29 191 216 96 88 148 94 211 14 129 53 226 15 152 126 20 81 118 35 25 181 35 223 116 94 119 13 86 77 196 163 69 38 215 43 33 185 25 55 71 142 83 214 118 50 147 55 160 193 168 46 127 210 53 133 183 153 78 4 92 6 18 207 64 230 117 230 210 31 37 8 2 107 176 92 76 160 98 232 165 154
207 224 49 205 89 62 62 7 251 221 127 48 51 12 72 137 213 217 120 19 245 93 210 57 23 17 124 156 87 57 234 61 179 182 174 136 173 169 21 -1 57 120 87 102 10 230 147 134 92 115 85 67 106 128 46 193 133 27 197 206 163 14 29 246 125 80 250 244 96 76 151 124 48 202 162 178 11 129 92 231 165 148 43 245 2 64 56 58 148 247 39 231 229 141 246 180 225 69 35 170 66 249 171 164 177 112 127 134 9 137 38 120 19 218 205 203 97 167 172 81 54 229 5 249 82 44 21 189
78 91 10 54 224 6 159 238 135 2 101 214 78 214 229 121 3 239 4 163 21 19 250 232 83 193 77 193 199 249 118 201 157 166 13 80 142 168 91 149 -1 202 231 77 160 200 222 88 64 99 49 61 143 235 215 60 168 132 198 173 241 142 171 232 82 95 177 247 75 24 230 131 247 200 154 60 154 181 78 121 15 235 75 152 236 244 253 92 32 155 253 230 182 181 19 105 136 250 15 47 244 165 185 158 63 251 230 115 28 105 213 220 100 62 253 61 210 228 177 229 110 227 11 75 30 206 244 163
90 133 133 143 196 142 236 204 131 173 140 220 20 167 116 33 71 93 248 22 16 43 227 22 45 252 6 72 203 165 37 36 165 17 91 48 160 100 151 20 222 -1 236 88 4 133 44 121 123 203 47 172 136 236 239 4 17 20 29 251 119 56 206 33 48 139 95 195 61 162 206 96 5 151 164 85 135 77 41 69 6 114 228 164 189 87 10 90 237 187 210 101 47 48 49 180 68 85 171 16 72 54 156 151 253 26 252 116 187 4 77 57 231 180 203 44 148 45 122 164 99 74 10 107 83 94 87 224
107 206 43 66 68 40 24 106 252 119 237 180 92 247 222 163 170 178 241 77 38 27 99 138 183 157 217 100 45 140 93 143 248 30 78 131 183 36 255 124 24 195 -1 118 150 127 105 232 148 254 36 155 87 207 220 16 186 202 50 151 152 193 177 238 2 209 184 204 150 7 46 214 104 66 205 102 176 164 148 229 10 60 254 106 187 105 237 204 220 168 34 112 229 150 244 9 202 251 170 96 27 213 94 248 73 87 15 163 37 148 87 83 61 86 29 3 153 31 163 149 41 18 31 248 138 181 51 97
61 12 12 210 231 189 228 239 154 27 204 225 247 42 75 135 206 19 67 18 168 19 204 78 40 105 40 2 188 218 13 65 172 14 216 192 33 26 112 149 188 204 253 -1 31 178 59 33 245 114 220 191 255 204 60 240 245 146 102 117 16 211 165 112 242 233 145 92 174 111 254 104 255 123 160 13 161 98 142 122 218 229 48 54 94 114 61 125 140 181 189 203 129 81 37 193 94 152 189 96 34 59 221 176 38 216 102 233 254 88 100 46 25 85 240 140 255 28 207 105 34 109 141 148 80 211 208 189
134 185 110 224 174 11 202 47 12 34 49 13 153 84 250 252 77 122 5 223 251 234 158 39 100 113 129 93 120 250 229 58 99 116 121 132 135 228 157 5 247 71 234 186 -1 120 247 240 90 108 181 178 159 51 209 135 192 84 206 186 233 62 113 180 235 33 48 87 23 45 75 22 163 233 116 43 54 127 235 222 210 16 89 13 9 120 166 157 113 245 69 21 157 18 79 39 155 113 134 251 180 16 32 119 212 95 184 168 238 33 130 40 85 104 26 144 51 26 52 123 153 35 97 101 171 61 200 197
90 223 223 164 27 5 48 134 180 153 149 83 146 123 101 145 73 6 243 220 136 194 32 190 45 20 15 77 108 78 39 49 79 71 74 158 85 170 203 177 8 95 191 68 227 -1 180 84 115 84 74 54 163 152 241 59 148 183 55 140 4 234 4 91 55 124 128 85 237 208 76 49 132 52 105 85 48 150 146 114 53 21 139 145 172 249 195 131 243 117 92 255 237 125 80 244 119 6 248 74 203 233 148 71 214 150 239 249 228 242 14 155 21 198 227 132 94 53 254 172 22 17 45 40 43 131 180 254
151 143 54 235 177 56 238 233 57 48 224 225 192 20 200 5 32 52 70 128 98 133 81 24 185 251 78 125 102 116 195 180 146 51 160 89 167 80 143 240 61 186 190 163 13 249 -1 223 192 253 234 212 85 64 218 189 126 204 22 79 201 245 76 112 151 91 60 122 4 233 113 179 58 138 255 208 245 147 165 79 225 140 63 29 204 86 95 30 137 105 32 216 221 228 235 127 192 42 234 175 136 41 235 218 59 181 158 47 133 43 213 119 2 150 216 17 211 110 32 254 100 61 204 126 183 187 84 51
102 17 193 104 64 141 37 163 88 106 144 46 10 173 56 116 8 179 58 178 174 199 10 56 216 155 155 12 51 194 196 121 239 239 231 66 207 56 111 161 27 160 254 148 188 136 101 -1 239 198 155 120 212 181 255 74 166 112 144 16 179 162 163 236 72 48 238 62 79 193 158 1 70 123 130 26 8 82 159 177 125 32 196 5 111 162 99 255 14 87 1 165 100 86 82 142 144 72 240 79 88 221 119 36 168 131 240 208 70 53 11 146 23 23 239 193 171 125 107 169 10 68 186 53 225 205 251 247
88 45 94 73 64 199 206 84 60 24 140 95 167 247 241 72 32 125 149 160 78 207 52 86 97 53 16 230 230 56 118 213 23 9 6 92 127 196 233 48 123 128 229 90 114 105 225 94 -1 90 90 221 151 48 58 94 90 65 113 122 35 80 127 253 118 206 37 84 205 24 106 176 38 117 150 151 180 176 53 231 151 51 37 37 1 114 118 181 155 205 154 212 6 70 237 58 243 13 54 29 148 123 44 84 136 184 174 90 153 135 163 57 28 122 180 140 237 233 209 131 184 223 13 42 1 242 180 77
65 8 247 31 133 75 62 118 4 133 235 192 119 49 209 59 88 198 169 40 212 146 87 151 3 220 78 23 148 41 80 109 44 98 240 172 79 188 127 68 177 5 212 171 190 59 73 176 95 -1 61 97 208 211 206 199 223 49 50 111 202 47 151 18 53 153 62 234 67 187 38 171 243 234 165 117 234 97 233 185 34 248 208 62 247 199 146 246 34 185 21 156 154 22 90 216 45 82 46 83 94 24 42 225 72 155 174 26 76 202 174 46 25 240 59 7 11 201 199 64 154 133 193 190 175 4 226 216
186 116 173 173 21 10 134 226 17 113 6 125 239 161 183 248 210 237 231 97 223 70 209 8 47 238 45 99 24 44 128 236 202 146 24 53 177 206 33 223 93 235 115 194 93 235 213 197 255 199 -1 198 13 248 144 33 111 188 224 223 218 173 140 62 11 208 238 95 62 200 225 163 60 54 247 248 187 15 200 101 154 77 12 117 17 224 109 125 29 78 149 62 170 174 171 207 190 166 123 9 92 68 180 107 93 238 184 113 96 1 248 149 34 246 110 31 95 92 65 188 100 50 173 231 223 50 29 248
103 232 54 84 99 83 163 28 171 93 106 180 225 19 4 7 201 21 23 138 45 16 54 8 9 72 187 128 148 199 225 85 18 252 82 125 69 40 112 177 233 58 86 229 101 186 94 193 188 21 17 -1 102 93 161 113 44 165 151 7 196 193 65 76 63 181 233 66 23 178 41 62 221 71 126 146 144 159 39 90 68 69 201 194 158 18 89 248 57 174 35 142 199 109 144 112 100 48 14 87 170 159 95 17 40 112 55 143 119 228 82 199 198 79 7 233 164 251 236 33 36 122 182 137 32 67 68 216
76 164 188 85 172 101 159 180 206 156 92 237 180 90 49 1 55 97 181 239 182 68 89 214 13 167 135 113 63 94 169 57 119 25 76 243 164 192 28 92 104 179 245 244 134 106 163 61 198 230 115 193 -1 241 5 4 97 149 128 200 97 130 233 250 148 132 57 60 44 44 26 27 72 14 12 8 76 68 103 195 148 145 9 186 190 57 162 90 203 228 139 191 142 232 245 57 211 170 17 192 42 198 6 87 184 45 129 188 145 113 79 215 13 181 73 1 247 198 84 155 112 246 11 13 48 135 79 194
243 11 159 64 128 196 219 134 51 45 146 30 84 248 195 189 54 154 107 126 225 86 12 233 230 146 236 164 99 101 89 165 127 145 227 240 143 210 160 129 154 96 82 224 136 111 103 148 240 10 175 190 136 -1 133 248 8 96 182 126 233 144 214 255 105 185 120 5 92 221 158 236 222 98 233 79 2 162 106 253 67 8 49 208 177 43 124 86 170 108 79 114 47 37 237 88 56 196 251 80 127 69 144 74 140 22 118 251 84 250 218 181 5 60 181 135 145 74 81 163 221 230 94 138 42 26 185 79
79 114 224 45 229 44 98 151 147 208 68 198 170 1 246 67 252 34 11 116 80 67 85 85 224 121 36 61 212 228 84 209 61 242 18 229 132 159 58 105 17 168 190 106 235 112 254 87 41 85 82 208 133 39 -1 39 152 195 146 190 153 84 68 67 146 121 107 34 255 233 139 122 12 48 188 238 82 201 248 86 244 187 9 82 133 134 239 91 168 70 255 244 150 225 177 188 74 62 248 236 10 23 77 234 9 123 172 35 76 75 84 220 64 95 39 154 87 10 83 126 136 186 254 96 85 147 216 179
60 196 79 243 208 56 115 45 126 168 112 151 19 155 15 180 142 247 65 252 102 128 108 225 90 52 34 65 253 176 44 212 133 234 150 113 169 128 183 78 8 86 57 242 214 187 58 140 84 48 158 12 199 145 146 -1 203 254 187 181 158 91 111 148 254 58 8 164 78 65 113 137 69 123 146 62 241 222 32 45 90 208 159 160 60 251 35 199 194 139 130 125 205 58 55 163 194 132 131 226 239 182 24 167 110 58 11 59 17 31 162 62 180 205 39 195 43 252 5 226 106 22 188 93 96 206 119 189
202 229 112 121 57 191 11 82 25 97 143 186 150 6 147 132 175 241 152 24 246 164 173 75 83 141 115 61 178 236 76 199 125 235 184 209 54 220 108 84 171 60 194 15 60 203 147 176 82 247 233 55 30 229 191 214 -1 114 194 63 44 222 231 33 31 114 22 18 92 123 113 247 172 113 241 157 46 191 108 238 127 4 19 253 200 25 246 236 135 208 153 76 71 187 252 159 63 106 207 183 115 234 75 253 61 208 218 243 135 191 71 33 232 56 183 210 180 167 7 209 175 201 43 218 248 207 184 158
151 197 8 130 145 21 243 180 214 246 166 66 216 61 17 21 248 171 253 7 9 58 184 52 165 129 91 204 129 96 179 243 60 75 228 241 47 240 5 47 139 148 40 19 110 80 217 84 230 7 184 86 6 70 239 42 57 -1 53 114 199 236 224 125 113 20 121 83 231 238 47 196 108 129 238 249 231 100 163 18 84 76 65 236 104 168 172 160 187 184 93 232 193 84 11 139 168 254 70 22 60 20 29 110 20 194 104 180 254 1 45 64 31 190 250 55 227 194 22 29 125 1 21 101 165 57 66 76
52 80 253 243 202 83 177 139 33 127 207 53 188 105 210 84 188 145 57 165 177 85 245 42 120 21 103 225 80 240 213 186 223 207 207 185 133 153 78 199 86 95 33 100 242 242 29 124 118 44 75 111 72 72 129 34 124 43 -1 64 143 69 10 69 245 22 24 112 197 63 15 129 25 174 119 130 224 152 245 194 86 82 39 206 70 217 241 49 8 85 238 149 30 119 202 118 200 160 211 215 75 183 170 215 90 15 188 25 208 34 72 48 76 254 186 98 129 171 166 166 145 146 197 99 101 35 230 121
3 228 238 105 233 92 205 175 196 139 6 5 40 247 209 198 91 160 130 131 52 93 98 222 150 109 122 169 31 106 114 234 60 83 49 137 215 158 16 226 195 146 39 222 98 52 25 142 55 84 217 209 87 77 83 236 247 54 185 -1 219 200 37 192 40 147 246 195 232 228 138 213 7 36 37 6 77 132 255 235 160 226 83 116 66 30 73 169 173 208 88 137 126 103 244 219 153 134 38 140 197 37 106 189 181 109 106 150 242 251 73 247 91 221 173 201 172 199 189 189 177 21 174 254 52 136 138 170
190 164 255 145 100 246 146 119 228 16 127 248 18 27 255 121 191 144 97 67 148 210 119 30 248 200 158 202 219 66 114 65 42 226 58 207 60 42 59 103 144 196 142 189 194 110 86 37 219 196 197 27 214 94 103 247 49 143 6 226 -1 184 136 12 213 136 195 110 156 31 59 39 174 64 19 181 27 147 239 194 129 39 73 223 188 208 39 87 80 34 187 157 119 215 242 98 92 181 40 53 211 209 134 15 119 187 123 242 118 149 82 84 8 113 240 34 137 90 186 51 165 245 68 147 62 196 218 67
229 85 14 83 89 220 101 42 145 11 220 198 82 14 52 157 244 200 109 46 32 230 95 211 39 55 195 150 35 133 224 191 241 174 119 213 130 188 233 174 70 138 31 113 74 156 94 242 15 145 149 172 95 6 9 60 154 55 235 150 22 -1 3 42 159 72 11 178 168 90 255 190 155 40 136 92 75 37 203 218 190 204 205 32 134 227 137 211 244 71 24 98 225 44 34 62 225 227 213 153 174 70 71 37 221 239 138 191 46 197 225 60 244 191 13 92 204 11 42 163 159 235 76 160 77 96 136 93
220 197 186 198 182 52 230 235 242 17 128 191 22 65 232 231 6 213 63 91 136 69 231 201 249 160 82 190 83 173 93 20 62 75 98 94 164 201 42 212 114 35 158 112 153 33 76 151 112 97 33 252 13 29 149 37 146 78 169 137 129 232 -1 97 102 211 14 153 8 193 23 221 211 216 34 241 137 155 182 217 53 227 244 152 26 45 133 175 65 227 49 179 102 152 152 220 56 158 160 95 224 93 150 25 103 192 23 178 62 148 27 94 129 90 20 131 255 78 47 8 111 66 209 253 236 248 137 190
231 204 131 106 242 93 113 88 57 118 155 172 224 200 74 57 183 116 174 243 210 244 170 243 155 147 119 46 228 218 53 200 31 202 116 8 175 86 75 14 108 101 19 2 182 151 192 184 220 218 239 235 111 84 78 41 83 116 51 67 108 176 29 -1 65 128 50 113 5 148 209 29 143 59 6 62 86 39 198 254 71 53 173 161 118 121 192 44 33 45 9 30 162 74 58 248 225 126 147 97 151 40 5 249 115 185 229 7 28 64 35 102 222 198 178 204 238 152 133 10 146 89 87 222 188 50 249 146
90 170 222 159 159 84 195 218 195 96 31 73 200 100 51 203 138 208 170 214 104 45 52 247 195 12 96 252 162 228 123 42 169 237 144 215 162 196 168 141 183 65 27 247 47 226 78 230 27 114 149 75 233 118 31 63 181 132 113 228 30 83 237 85 -1 14 3 185 176 210 218 52 46 162 76 37 235 29 9 138 163 254 103 252 105 76 229 239 118 151 27 22 144 76 238 175 34 187 53 223 40 143 138 125 253 198 106 175 57 143 42 40 248 56 238 232 168 112 229 213 84 2 3 82 187 170 192 251
109 215 49 71 6 35 248 7 169 16 219 80 170 55 255 29 226 217 41 1 195 68 120 73 13 100 254 234 156 94 162 77 41 87 119 72 9 207 75 223 240 96 195 94 93 87 151 42 245 1 25 227 235 217 138 184 85 123 17 28 129 218 43 21 26 -1 181 146 88 49 10 116 18 128 44 106 230 186 158 98 7 108 233 229 174 71 169 154 110 151 199 228 57 159 151 253 102 150 254 33 29 21 150 212 128 226 24 76 118 11 49 148 228 147 36 181 160 207 159 116 248 218 83 201 8 121 177 108
63 231 142 38 239 59 50 179 228 108 74 79 15 231 136 158 167 31 77 255 221 237 109 105 54 52 184 178 220 160 134 213 42 56 215 229 123 242 59 35 148 66 132 113 186 235 88 231 74 85 222 190 16 20 185 175 192 67 60 235 185 142 124 65 135 240 -1 94 240 11 218 240 23 208 80 152 228 152 208 184 254 244 149 41 149 174 34 211 143 108 57 31 1 135 47 18 119 130 86 147 26 120 15 245 249 130 149 77 6 233 121 67 198 158 217 91 143 73 254 114 222 60 20 71 202 241 177 187
240 124 165 142 232 206 1 64 200 110 202 145 253 177 141 207 125 223 81 9 61 21 42 135 3 182 160 1 141 3 242 96 185 191 183 72 72 105 33 61 3 212 170 164 223 174 131 12 100 35 148 99 126 114 194 2 236 33 71 239 107 30 223 73 9 147 149 -1 212 139 126 196 151 221 138 149 175 39 248 127 132 117 80 127 152 190 210 102 232 67 250 94 137 70 6 103 22 158 42 194 33 96 214 76 19 81 146 94 14 130 52 160 153 75 221 224 86 39 191 133 113 189 175 211 16 161 162 244
80 179 1 169 243 153 96 143 47 167 4 89 51 211 231 105 158 178 32 56 203 239 79 49 157 186 201 180 127 237 251 250 99 158 123 49 14 212 48 159 240 137 197 141 38 216 234 163 58 118 173 1 215 84 97 164 85 124 60 199 126 105 54 187 33 165 63 17 -1 103 52 228 108 227 45 173 51 74 39 20 131 250 31 167 137 160 187 118 234 204 245 137 134 71 171 54 154 94 45 102 95 207 213 158 123 140 114 213 135 29 250 116 31 83 105 9 114 16 249 152 45 9 91 57 230 74 9 101
150 173 34 26 26 234 188 129 50 119 20 190 237 183 251 157 104 173 241 37 27 190 195 119 255 4 114 24 130 199 21 73 159 74 143 176 68 13 12 42 5 205 55 67 124 150 227 168 112 137 65 168 109 100 175 125 4 60 150 66 22 142 254 121 204 243 61 159 19 -1 61 109 97 238 28 80 80 227 174 25 231 43 83 81 222 46 173 48 155 10 245 142 109 229 41 150 225 38 78 126 125 197 116 251 37 147 111 162 60 129 115 167 80 149 208 87 182 120 194 238 51 203 53 104 1 33 198 174
146 189 58 51 78 9 81 160 228 131 255 78 167 118 213 79 31 5 170 125 247 36 92 227 177 131 217 108 68 226 207 197 199 228 51 127 85 147 137 6 103 194 135 90 110 178 249 184 234 134 78 14 40 17 37 77 137 80 237 135 121 184 124 114 99 17 174 68 147 183 -1 46 180 146 208 23 39 176 40 237 120 146 222 225 81 19 31 200 45 132 17 60 42 66 63 70 188 106 66 203 214 208 253 132 133 95 127 56 99 178 8 232 37 225 77 13 212 162 118 247 156 245 66 248 224 5 206 88
88 92 160 254 141 241 31 63 206 48 26 184 242 140 130 54 23 89 233 52 116 71 58 216 241 204 133 9 189 201 158 84 121 88 26 26 145 236 234 116 226 76 114 40 240 106 74 72 202 149 216 232 99 244 50 182 220 252 167 211 114 179 30 109 114 129 66 156 219 84 207 -1 56 210 154 245 60 148 139 182 183 13 133 183 14 81 32 26 40 153 137 134 104 47 197 124 36 42 179 157 40 122 121 78 110 209 207 117 161 225 172 181 125 46 110 242 45 155 125 138 31 179 218 203 106 113 214 222
158 223 22 139 138 168 180 243 192 54 144 207 102 27 27 243 247 230 127 137 214 142 92 43 24 237 63 100 54 231 152 143 132 242 106 137 252 33 27 167 170 4 21 137 242 32 169 186 175 122 108 227 155 147 170 180 102 123 59 37 80 22 175 91 43 189 145 183 72 122 145 213 -1 148 138 121 34 144 230 149 201 100 142 185 225 118 201 193 196 108 9 208 248 124 139 188 133 204 64 245 225 148 80 174 21 44 183 15 86 188 62 21 50 10 90 99 44 54 35 210 100 133 92 83 63 95 194 250
248 153 254 83 154 56 22 16 10 254 153 112 100 59 81 125 51 18 249 250 71 153 227 241 114 209 233 117 180 154 53 126 1 157 74 195 129 247 158 14 248 240 45 83 82 1 184 187 51 71 52 126 210 233 151 235 132 148 122 242 151 137 181 186 144 162 42 3 215 127 64 3 217 -1 187 170 39 117 108 118 37 31 81 111 189 228 192 197 74 159 8 35 218 101 61 72 94 12 205 97 154 80 85 162 252 218 163 129 248 75 209 120 136 170 67 78 5 3 145 19 71 250 181 196 83 227 234 230
112 13 144 27 38 87 164 188 168 231 222 243 174 143 233 99 230 72 21 6 211 4 226 245 114 34 52 175 95 164 214 183 252 104 133 228 255 55 54 171 145 221 154 111 235 216 115 209 84 4 147 121 88 141 73 72 44 53 83 181 58 58 203 236 35 41 17 158 163 216 5 231 161 32 -1 144 235 135 44 76 191 149 64 176 194 53 192 130 218 85 157 92 114 49 29 196 207 173 201 135 231 95 239 152 187 16 253 198 224 207 88 81 4 95 220 185 161 196 57 218 118 46 139 220 127 140 214 106
145 117 140 225 220 184 134 182 180 25 8 99 166 136 143 196 46 239 208 141 175 25 150 106 225 60 211 161 240 17 250 207 240 113 186 22 93 253 207 238 238 223 247 210 112 194 145 176 204 95 180 59 52 89 164 174 195 33 150 192 204 166 53 162 175 128 49 163 247 131 22 235 68 122 135 -1 56 214 169 33 180 207 214 1 7 87 178 85 114 233 173 120 192 10 83 191 207 179 79 180 233 209 181 170 34 89 187 88 208 147 112 107 43 178 27 180 68 25 77 70 23 187 46 246 173 107 114 22
150 197 216 4 66 5 129 65 32 224 199 179 179 36 232 86 113 13 197 25 238 110 5 64 45 200 101 231 155 214 251 133 146 24 144 9 194 186 238 67 217 204 238 159 1 76 52 18 216 215 31 117 109 195 209 191 104 171 165 58 221 243 55 96 251 163 189 51 72 201 97 243 46 233 63 135 -1 189 205 221 228 200 139 136 46 208 123 63 135 244 165 163 118 128 184 204 189 222 161 61 45 177 220 70 124 112 246 134 150 133 50 21 3 61 160 219 21 253 229 32 162 35 109 7 191 253 47 86
227 210 6 90 245 3 173 79 53 11 67 5 239 215 178 185 203 4 171 174 130 11 111 195 87 227 131 90 227 79 25 234 175 237 220 113 233 43 221 193 177 229 18 13 246 64 133 72 102 190 160 29 74 182 65 141 56 140 116 214 208 171 115 205 124 70 5 221 91 165 68 14 242 229 160 193 182 -1 102 27 78 48 175 33 64 201 134 227 127 73 226 97 210 11 221 221 10 161 35 95 180 176 153 230 120 230 76 254 92 170 219 198 253 92 109 91 174 110 36 171 223 14 181 52 152 68 194 198
227 187 205 222 208 109 65 249 120 3 138 115 160 127 86 190 88 203 241 159 168 100 146 239 119 157 11 81 122 227 120 123 108 134 23 223 58 158 106 141 16 157 152 219 196 82 44 133 208 128 101 251 221 117 92 50 235 12 156 170 145 121 229 59 207 205 241 123 155 161 48 43 134 116 217 74 250 60 -1 121 204 179 133 221 253 221 167 65 212 156 201 66 80 117 157 11 185 110 126 47 175 79 37 64 238 228 244 28 159 83 106 246 215 179 74 131 210 139 4 103 32 247 117 1 69 41 170 80
74 141 44 12 47 253 25 165 32 91 10 216 135 85 76 126 4 40 183 49 70 202 91 75 214 165 236 161 173 51 17 80 78 52 61 154 109 121 143 222 52 249 210 186 228 80 17 19 164 25 49 90 28 55 214 123 83 83 165 198 69 196 188 104 239 53 167 19 120 112 121 8 138 231 219 73 245 108 35 -1 116 92 94 239 161 202 56 12 118 102 241 11 232 243 55 67 41 225 217 166 87 221 78 225 13 110 52 135 111 249 246 43 24 124 178 195 11 46 238 172 9 211 126 239 144 64 96 209
172 135 251 32 49 212 122 240 57 206 201 131 187 181 95 45 113 154 59 37 90 223 161 4 77 251 255 63 117 206 145 85 132 106 153 58 185 182 1 101 65 80 242 24 197 135 48 5 10 89 182 107 235 87 54 254 34 75 152 119 201 28 86 137 211 11 235 42 147 4 93 118 37 169 14 39 75 94 94 104 -1 130 233 107 249 39 68 196 182 171 37 83 96 61 53 124 219 233 183 223 31 148 233 58 30 211 61 232 93 64 164 232 251 185 137 220 156 36 232 84 24 235 40 93 48 122 18 209
54 109 47 26 127 138 105 69 158 152 58 174 239 187 141 96 164 172 100 87 194 182 193 232 84 86 131 89 99 144 156 155 169 195 107 81 101 223 106 86 138 133 210 125 217 249 70 14 14 110 218 63 169 212 198 153 195 74 135 37 193 245 104 2 100 86 51 173 22 219 150 100 71 213 196 147 47 194 210 153 74 -1 84 123 14 243 191 3 152 9 207 190 171 64 32 120 214 68 249 30 86 212 44 88 193 184 147 210 167 2 37 225 118 247 147 223 173 115 190 252 150 97 243 192 12 158 164 202
12 149 132 113 157 217 92 12 14 110 209 218 96 151 35 195 29 71 114 47 153 97 94 118 86 98 204 105 206 62 82 81 199 188 177 154 242 246 203 97 65 95 112 144 53 145 79 123 33 238 85 213 101 216 2 235 255 198 136 149 20 75 138 48 105 196 222 68 220 62 220 7 31 152 39 194 101 161 125 10 44 103 -1 237 177 15 198 191 31 120 196 165 63 82 2 255 45 225 240 177 81 252 18 247 255 123 68 139 94 215 3 17 149 226 58 157 17 196 166 144 240 227 82 31 12 144 30 32
178 135 236 194 20 178 204 165 43 171 61 191 147 94 134 46 144 51 59 3 6 224 146 194 128 140 11 19 174 24 183 23 180 166 253 189 60 151 119 146 75 228 133 24 214 178 197 94 93 22 224 47 245 149 132 210 234 14 36 236 33 138 147 201 74 35 212 179 68 98 197 8 10 2 100 247 22 255 30 182 78 75 49 -1 106 11 152 79 183 238 188 125 15 148 14 18 160 237 232 26 61 164 194 90 84 230 40 36 239 14 68 98 97 228 186 82 25 179 225 51 26 12 255 60 218 245 215 150
233 60 42 137 36 206 152 21 225 137 123 135 174 101 199 210 117 5 1 165 100 135 189 99 200 221 244 32 6 76 137 81 83 157 146 34 179 207 25 50 23 156 29 208 74 6 118 123 251 21 61 61 162 34 16 57 175 104 109 241 93 144 185 150 142 92 99 242 165 102 254 132 138 60 52 195 173 126 240 237 203 101 82 79 -1 241 76 191 207 18 200 227 52 147 54 187 245 171 142 227 135 82 74 111 254 178 14 55 24 220 32 132 199 114 89 49 216 65 100 188 23 3 142 221 222 85 124 231
20 153 146 57 158 33 134 169 111 211 2 39 149 69 196 167 32 193 144 212 218 250 129 101 89 197 114 75 88 20 15 196 198 116 11 207 37 207 105 117 64 10 90 125 2 9 214 30 57 161 54 6 36 91 132 81 35 196 75 131 110 1 23 131 115 163 87 190 117 126 215 28 135 29 41 5 94 115 161 10 69 54 1 171 64 -1 220 156 58 132 118 218 114 173 39 108 99 149 174 255 188 203 72 50 249 147 163 58 200 41 38 163 197 44 24 178 17 44 186 194 77 153 107 124 23 84 38 47
17 83 44 118 27 12 202 152 124 8 138 152 48 150 208 211 35 224 109 99 228 159 35 184 80 214 41 24 104 41 170 42 19 127 230 94 15 84 201 129 178 65 105 104 156 126 152 127 212 137 174 104 71 63 73 254 101 194 213 242 113 70 41 149 235 38 107 244 238 109 152 210 133 193 129 36 126 138 145 196 18 211 216 69 117 223 -1 176 232 216 161 120 87 28 45 18 72 39 10 209 23 172 8 233 151 155 81 135 121 97 124 13 220 191 145 25 56 11 182 127 201 126 22 119 82 98 233 218
88 94 144 208 200 137 98 134 248 18 138 141 35 111 243 164 116 125 107 27 4 133 140 245 58 167 173 228 240 236 46 77 44 30 49 9 147 149 131 233 79 201 234 163 137 223 236 233 111 120 211 50 186 179 56 100 245 45 20 138 162 176 59 30 223 173 218 62 10 55 53 10 108 243 159 34 61 253 242 76 68 183 24 30 149 89 240 -1 166 219 21 235 124 164 126 6 211 193 65 157 19 161 132 18 183 71 97 177 241 238 140 103 186 112 60 79 228 135 176 207 167 151 32 219 198 210 23 249
31 81 109 131 14 17 112 180 182 35 235 30 55 93 58 12 219 49 189 252 225 173 81 27 37 206 85 22 69 135 213 25 178 142 38 19 207 143 70 253 2 83 20 92 184 202 26 253 124 81 48 216 56 227 217 69 14 72 253 193 126 114 34 249 14 240 102 247 160 18 165 158 28 245 28 179 227 171 195 141 174 184 67 11 29 135 151 91 -1 107 109 223 120 194 175 89 189 218 145 71 159 177 245 242 36 208 170 41 119 234 239 105 107 251 212 207 225 253 4 69 242 44 204 226 29 150 33 106
172 248 44 201 33 248 175 252 34 3 209 172 77 54 128 187 16 139 139 185 210 183 64 150 179 249 7 52 176 208 19 147 72 219 226 2 27 226 43 198 110 164 169 110 179 114 140 213 213 209 218 176 33 138 175 238 139 141 254 130 69 121 32 31 216 83 26 110 32 45 248 30 134 110 116 69 1 82 160 30 31 95 51 162 180 157 119 206 62 -1 132 215 202 132 141 43 242 118 177 246 248 248 162 235 170 95 100 189 254 159 176 187 172 234 145 246 239 124 55 161 12 13 11 204 130 50 165 240
159 216 233 230 48 104 1 130 85 190 215 28 193 171 64 9 61 225 224 180 67 156 227 141 109 244 138 215 62 26 233 210 210 18 168 96 138 145 15 115 79 13 64 69 155 19 248 56 184 34 149 132 175 70 158 80 3 17 125 12 73 78 74 106 89 255 34 185 131 64 49 108 121 253 20 206 61 7 18 248 68 2 178 44 205 184 72 32 158 151 -1 60 62 32 34 224 179 166 244 10 172 204 170 152 135 133 102 209 33 71 14 87 80 119 2 251 56 52 22 42 247 88 182 202 199 251 177 142
113 212 144 104 22 57 194 160 130 230 63 229 246 59 221 48 204 173 117 100 23 178 128 66 147 41 58 119 120 238 116 210 126 213 243 4 250 144 102 224 103 46 246 126 69 86 244 170 165 75 179 96 231 146 91 208 57 33 9 182 83 192 56 231 249 109 126 218 153 68 133 27 209 38 21 99 124 222 182 112 168 175 242 136 141 80 122 55 219 171 130 -1 196 187 148 45 154 93 175 2 209 127 255 36 26 176 147 67 164 170 244 36 191 224 144 146 92 131 48 114 122 123 156 231 228 129 92 229
46 94 129 74 112 101 173 93 110 42 151 24 23 160 251 68 97 99 59 206 224 242 165 81 77 201 142 132 89 142 45 136 211 166 159 223 22 128 42 74 237 221 184 93 155 120 177 124 39 252 33 106 145 243 96 231 16 121 29 147 160 206 152 209 181 115 109 68 88 205 142 144 108 90 248 83 82 47 87 189 39 219 122 221 127 239 219 229 98 113 44 159 -1 116 182 123 192 154 102 113 134 233 126 11 141 197 192 253 187 112 89 250 211 232 71 13 107 67 31 199 39 154 203 52 210 190 89 36
87 74 61 206 209 197 126 221 69 57 191 171 221 151 179 218 180 244 102 231 1 61 118 247 131 13 207 155 192 146 89 144 234 167 63 149 56 13 79 220 94 114 107 90 45 77 14 75 242 197 98 148 50 82 242 103 232 2 62 193 175 134 38 95 104 255 162 114 16 109 255 175 185 225 191 86 116 245 56 145 247 88 47 127 152 249 8 55 158 206 43 197 241 -1 212 2 24 220 49 226 137 59 153 126 250 108 56 23 60 165 83 8 166 105 245 213 5 67 107 83 80 57 8 160 146 50 223 136
252 20 247 59 203 224 138 137 223 200 96 226 171 41 1 145 154 170 213 239 55 158 245 47 235 74 204 66 203 224 255 252 36 236 6 77 67 4 122 61 117 191 86 176 101 117 216 28 58 55 29 195 69 187 64 130 105 242 236 99 39 215 114 230 203 113 207 50 142 115 148 112 251 199 9 237 235 153 233 118 24 139 74 17 127 135 200 208 161 102 96 59 210 191 -1 17 145 177 109 100 180 16 223 173 70 223 77 109 131 36 26 246 186 189 94 4 31 228 214 86 72 204 39 29 186 124 163 117
28 128 48 169 54 238 216 95 178 218 2 86 87 231 3 63 44 158 194 66 182 151 90 231 36 144 71 175 25 220 71 159 55 58 250 157 44 149 107 162 186 200 122 158 209 143 221 194 204 208 79 199 35 234 166 119 46 156 123 204 194 12 172 66 105 148 112 44 232 50 162 50 247 66 170 161 141 89 252 238 103 157 19 253 114 61 35 227 35 58 19 179 29 5 166 -1 27 132 240 65 83 8 207 80 179 187 27 14 99 215 99 112 62 128 224 12 41 191 192 71 250 48 29 89 178 116 238 39
208 116 135 29 47 35 21 17 79 39 236 147 152 242 23 5 251 251 43 72 16 191 65 141 152 147 185 67 155 89 188 246 139 219 201 104 161 159 241 157 214 225 114 105 79 203 92 226 76 79 228 223 15 192 36 83 122 120 108 20 237 80 193 196 220 138 128 112 195 251 244 73 31 77 15 79 2 121 139 31 113 87 60 207 135 24 61 131 188 16 186 61 173 134 3 87 -1 63 219 50 79 38 140 112 218 48 218 208 41 116 98 144 244 64 196 183 79 114 156 149 225 227 44 254 125 14 236 217
64 228 166 112 63 252 129 141 152 60 91 100 225 184 74 166 248 81 106 54 14 222 183 44 166 11 3 70 212 54 192 208 64 102 97 14 94 176 82 14 2 122 230 45 53 133 242 37 160 166 27 57 113 125 172 120 156 158 169 84 70 34 178 201 193 82 156 175 246 43 217 63 187 239 22 119 243 47 143 144 33 147 159 88 203 72 27 68 39 194 131 55 25 172 172 32 232 -1 250 75 190 70 22 148 190 165 92 44 207 141 180 58 24 181 236 71 237 4 19 16 51 35 88 50 65 161 248 73
79 160 186 69 155 172 232 22 206 103 136 108 212 14 94 31 222 40 161 8 220 15 38 226 37 65 51 41 110 106 139 218 11 58 237 120 190 205 129 116 58 90 114 251 61 231 95 9 53 146 214 21 39 125 188 181 228 174 74 119 79 158 79 58 106 237 21 47 212 227 33 232 128 187 45 66 152 101 198 40 154 186 6 254 64 186 224 235 136 180 63 193 165 248 173 59 143 151 -1 171 210 73 31 202 51 21 38 100 225 168 62 145 231 146 10 1 163 89 237 107 139 67 134 147 84 61 235 154
158 21 78 3 184 164 194 170 7 170 176 55 175 245 68 167 196 93 239 244 174 255 236 250 98 251 103 124 105 72 232 94 143 224 113 46 150 22 180 114 177 184 59 31 168 86 15 87 31 202 27 246 166 39 227 24 247 131 102 177 247 17 215 71 187 126 13 125 184 16 21 209 241 91 24 148 164 249 64 156 196 125 38 33 192 205 19 196 101 17 208 233 138 157 154 63 28 234 5 -1 218 63 173 187 98 204 53 112 122 241 222 66 108 186 176 161 9 96 153 58 238 105 205 243 31 191 249 252
47 128 188 209 240 37 106 97 89 73 47 193 104 28 85 150 200 29 115 79 241 139 186 46 228 14 71 122 54 7 164 120 86 179 24 79 105 55 107 35 42 44 232 217 177 23 10 33 240 158 59 99 248 66 163 223 76 11 203 90 75 128 136 87 135 255 196 87 134 63 97 68 197 180 199 203 181 56 86 247 227 27 183 8 149 130 234 72 46 128 140 198 2 186 3 143 63 8 123 36 -1 151 196 71 128 238 214 12 190 52 199 69 138 141 125 55 11 68 104 133 30 230 3 250 94 124 88 166
75 170 103 207 8 162 234 33 77 188 137 163 90 53 235 214 65 156 140 165 107 158 153 133 56 173 189 177 31 219 3 174 159 214 152 206 139 253 153 229 68 97 211 153 244 230 186 115 200 156 79 30 95 86 235 86 194 188 223 201 216 158 43 45 57 236 217 98 184 10 223 16 105 146 17 241 194 163 226 147 250 54 167 92 104 225 63 128 154 140 19 77 188 196 161 91 19 15 121 72 122 -1 231 198 255 14 76 11 205 23 254 20 236 2 201 130 39 81 86 232 201 102 252 21 129 106 195 17
23 167 217 123 198 220 126 55 194 132 232 16 10 125 46 226 226 101 51 162 62 178 31 16 73 143 144 100 185 15 95 12 33 245 44 42 120 193 35 164 100 107 59 65 150 70 64 137 87 126 106 84 152 154 139 51 202 15 243 197 155 237 207 9 67 119 212 225 93 204 236 98 38 194 255 173 22 127 35 151 94 162 58 250 216 29 51 200 27 41 161 171 178 254 76 250 121 119 37 232 36 41 -1 87 187 123 30 124 115 122 191 210 159 234 203 177 153 145 65 178 172 216 237 121 237 141 80 8
38 227 167 192 144 61 2 17 189 165 89 191 201 213 67 170 179 166 207 243 133 209 231 46 153 234 79 168 230 143 83 188 252 50 62 19 194 89 79 79 215 196 89 49 11 218 211 232 97 196 234 96 180 161 68 57 153 46 41 202 243 60 181 137 210 217 35 44 164 166 241 143 44 159 227 251 148 90 113 235 204 224 107 109 181 58 195 48 92 42 190 157 196 212 215 179 165 61 72 45 215 93 110 -1 235 255 146 129 79 56 96 131 84 36 104 41 217 8 126 228 254 218 200 140 118 218 202 113
215 66 208 208 209 180 21 135 90 248 110 180 75 179 139 110 14 214 162 234 153 115 52 93 71 78 90 185 224 222 73 207 238 49 39 83 120 173 63 117 75 125 219 192 30 102 217 225 5 210 25 74 22 173 207 237 21 32 12 107 241 176 22 76 20 83 91 157 195 244 125 142 163 227 231 38 241 103 41 114 43 111 202 180 93 71 75 126 29 189 11 192 19 2 102 8 196 106 18 85 126 3 139 165 -1 37 212 52 99 112 115 30 2 248 124 131 182 74 50 105 153 93 44 154 32 147 88 66
246 204 36 236 180 201 95 122 214 230 100 230 138 142 113 121 180 34 137 53 20 219 29 36 189 4 39 14 195 44 208 90 3 85 134 68 197 50 15 148 198 144 20 167 115 37 152 88 95 186 164 174 226 121 180 2 239 104 186 23 163 202 173 190 92 76 40 87 241 200 186 2 74 229 171 136 195 194 52 49 33 46 158 201 204 37 111 141 137 86 146 41 114 174 250 249 101 112 51 215 4 143 92 70 15 -1 22 230 16 203 250 87 208 74 51 153 194 188 107 210 245 70 159 174 195 192 44 142
201 196 22 240 254 253 170 182 133 229 43 173 128 123 243 241 24 237 94 202 177 178 59 164 21 66 229 191 100 186 32 230 162 248 221 34 131 122 189 65 225 58 149 38 33 116 153 22 144 167 126 120 251 225 118 42 187 142 243 29 67 183 171 93 143 122 49 158 75 213 80 4 225 158 238 14 133 139 160 99 8 52 136 81 105 124 79 149 134 251 97 160 68 150 190 72 204 150 29 227 250 73 47 65 44 34 -1 17 7 121 55 113 120 218 135 209 23 82 249 167 164 119 122 25 213 226 92 34
57 75 30 120 51 51 63 104 6 7 64 219 235 103 61 209 69 161 33 149 78 136 38 182 58 22 217 118 254 213 129 66 82 71 55 136 115 229 9 250 190 168 227 224 167 88 36 168 34 119 146 222 56 154 79 2 13 223 6 126 228 90 253 211 224 106 62 236 28 175 172 163 9 233 169 103 74 172 174 31 133 190 155 173 179 52 14 92 123 156 6 94 153 245 31 88 159 107 251 155 124 123 212 73 162 54 231 -1 120 97 33 158 118 70 8 248 8 51 131 6 41 138 240 93 129 129 51 237
41 73 33 47 169 152 139 38 138 150 10 228 55 116 88 101 242 126 242 232 19 68 189 52 83 29 249 205 136 134 49 12 87 157 152 205 96 140 197 165 82 191 74 75 135 248 112 23 178 159 96 215 207 176 4 23 90 9 136 242 189 214 179 98 165 186 30 111 112 237 44 204 131 64 51 3 8 168 173 21 38 202 35 49 220 214 195 182 248 154 19 76 1 165 40 59 230 90 34 66 144 20 77 9 158 33 174 172 -1 62 220 233 88 115 119 185 175 222 244 181 181 144 89 64 85 165 85 186
4 90 109 166 211 152 218 236 103 108 250 105 46 22 27 21 22 155 184 15 252 59 90 25 188 161 247 247 65 232 225 121 200 158 62 128 162 249 5 255 180 236 51 50 114 59 161 83 253 12 102 66 205 219 109 129 69 36 77 60 20 146 255 254 81 10 35 130 255 239 42 123 74 69 48 167 90 62 111 155 86 156 97 139 128 92 222 172 247 209 237 215 239 203 128 131 188 96 110 181 52 190 12 77 117 98 43 93 61 -1 165 179 137 180 154 50 26 120 10 215 234 117 224 146 250 132 134 185
80 94 112 49 193 225 96 85 243 35 128 208 94 255 199 172 149 63 5 81 116 154 41 75 64 163 197 121 122 69 185 91 42 202 74 49 161 118 14 61 176 222 249 181 195 81 247 80 75 33 168 186 224 1 40 235 179 126 79 12 77 110 187 247 182 76 90 227 178 224 206 7 214 249 157 44 18 207 249 64 156 71 166 197 14 62 255 36 16 36 124 120 89 79 206 207 126 203 110 104 238 167 217 225 68 230 114 197 176 151 -1 70 119 174 75 217 164 226 243 5 141 131 69 34 154 127 176 63
10 62 101 242 142 249 153 129 146 108 190 216 143 240 207 153 149 58 74 152 58 43 43 43 129 119 202 110 215 158 172 116 171 36 65 182 92 243 65 209 132 191 238 137 21 178 252 221 76 37 65 174 246 92 187 179 61 59 45 16 217 200 32 238 33 151 165 67 244 239 165 34 108 157 28 23 43 73 203 15 18 29 94 23 183 88 125 157 61 113 166 215 159 141 79 9 150 157 45 75 247 12 242 57 247 58 177 7 251 151 194 -1 230 247 49 75 6 175 233 179 22 108 66 88 145 42 118 160
139 167 32 123 69 91 32 26 55 186 181 67 212 180 109 41 95 24 2 32 72 53 139 90 88 40 242 231 95 225 246 207 143 10 10 96 79 232 157 62 138 6 177 73 136 1 86 226 43 132 145 39 108 141 59 44 173 147 164 183 224 111 143 152 182 190 73 73 100 104 141 28 77 195 208 1 75 197 68 182 226 253 201 222 10 191 57 179 254 24 150 161 58 41 44 227 166 19 78 152 21 172 46 192 181 180 230 93 167 220 109 98 -1 86 204 11 191 28 10 97 225 231 62 86 89 111 119 210
139 61 250 209 183 98 57 84 177 86 177 237 29 12 232 237 20 139 87 50 147 95 145 52 105 41 114 197 44 221 111 20 124 179 156 116 68 126 59 158 126 20 233 171 194 10 92 18 218 165 6 175 93 180 186 44 44 211 84 73 77 118 130 47 14 46 230 217 222 250 45 197 108 56 164 84 123 91 217 14 156 49 45 27 174 249 155 133 102 188 249 23 208 128 228 242 112 135 167 201 245 185 17 74 106 180 116 159 4 238 83 105 141 -1 116 29 206 167 2 139 58 142 207 135 71 127 201 111
196 4 122 186 207 78 56 229 134 29 145 14 208 165 155 101 140 100 7 146 121 185 104 105 77 96 133 50 61 14 151 8 228 203 145 196 5 161 247 254 255 150 68 191 157 167 226 190 3 23 221 117 34 100 83 18 232 92 72 170 173 191 17 31 48 208 97 24 177 249 130 249 121 150 199 253 32 132 159 62 28 204 215 37 32 113 35 48 87 105 248 8 40 243 241 107 203 27 232 194 170 45 127 233 247 66 89 171 198 116 154 59 184 124 -1 87 16 252 174 192 125 48 18 69 62 37 120 199
173 107 102 84 21 13 233 54 143 143 90 4 89 209 47 215 246 62 11 162 212 245 251 76 234 253 214 255 224 164 209 59 238 162 50 105 181 144 102 84 190 7 144 86 245 228 19 19 182 136 87 227 95 217 254 14 82 97 187 22 82 114 111 208 18 246 98 60 69 201 79 62 244 21 84 70 75 181 49 111 238 56 25 194 195 178 248 109 37 24 59 174 57 241 91 110 107 52 131 182 244 21 9 200 4 155 33 107 136 141 131 49 57 29 34 -1 187 141 105 205 84 211 21 25 216 22 90 246
17 100 92 69 161 113 121 132 131 144 80 99 76 130 122 135 201 15 146 162 153 24 84 100 224 100 218 104 188 160 37 106 255 55 138 192 56 180 124 23 4 142 75 170 138 98 235 105 194 254 171 39 230 22 44 246 149 152 53 220 65 159 130 2 226 178 37 10 233 193 56 24 217 87 117 5 57 48 229 137 80 110 37 148 31 238 11 104 31 255 126 118 85 61 245 24 138 158 41 14 245 30 133 66 39 27 61 109 25 131 189 104 100 105 210 188 -1 202 207 100 108 101 213 222 23 225 28 93
149 179 170 177 178 195 250 152 119 24 127 115 154 185 79 97 92 122 119 236 141 144 30 164 106 112 177 202 190 172 7 169 38 184 212 215 71 252 114 26 245 51 199 70 42 223 52 177 253 72 66 154 83 85 131 165 165 181 113 116 174 211 141 69 192 94 47 207 234 72 90 129 239 104 58 50 103 207 20 120 122 112 63 2 166 77 107 93 82 49 183 179 183 131 105 11 103 33 29 222 128 138 200 47 168 214 35 205 176 205 88 128 95 189 226 232 130 -1 72 70 200 1 53 77 126 234 84 145
24 33 164 2 96 193 187 10 181 254 235 144 194 7 168 54 12 94 221 45 199 195 156 217 41 45 239 3 1 21 157 18 70 98 75 55 91 185 184 155 223 151 196 180 36 69 69 23 247 228 193 212 119 140 135 108 12 171 210 202 198 209 192 108 231 9 186 46 246 46 93 20 132 121 242 221 112 215 198 78 82 47 160 71 198 194 228 232 126 141 34 245 171 26 135 248 52 214 19 138 202 166 72 28 177 56 201 1 98 28 144 39 88 200 68 229 22 69 -1 18 113 146 236 95 77 112 18 54
189 57 159 225 190 129 57 208 186 156 94 14 252 15 162 5 145 13 247 58 171 220 155 179 33 5 55 5 77 85 159 136 123 170 255 226 120 21 107 216 83 104 55 237 89 174 185 202 210 151 253 212 179 126 6 185 44 58 150 58 122 141 97 19 181 233 252 167 53 243 229 44 2 126 18 108 127 221 145 102 117 100 184 157 173 120 199 235 55 154 52 64 69 55 112 152 72 72 241 35 246 36 230 235 121 12 11 227 166 172 146 243 243 232 6 182 198 72 127 -1 166 1 232 53 121 86 14 45
215 199 170 87 58 12 141 195 162 30 83 192 172 219 141 8 35 32 155 186 4 116 54 233 168 70 45 84 155 68 139 229 53 251 200 23 102 203 237 73 194 3 16 158 212 207 237 120 67 110 165 140 103 163 245 35 97 39 149 247 229 194 184 45 123 249 44 86 210 81 193 105 161 98 240 180 90 59 17 103 23 98 33 32 184 6 82 88 56 120 215 111 48 78 28 15 13 87 230 9 63 24 47 30 76 164 255 74 215 230 144 70 133 15 95 245 210 79 6 126 -1 145 237 164 13 176 197 255
187 243 96 54 75 64 121 96 233 219 134 165 46 229 49 129 143 225 126 75 194 118 227 37 156 84 188 103 186 207 14 70 142 73 88 209 104 42 80 165 180 106 216 83 181 57 35 222 29 104 78 43 125 66 65 195 255 143 149 122 16 148 148 248 137 69 175 40 93 193 69 225 90 89 66 12 76 227 15 25 118 255 20 178 250 48 96 229 198 125 107 135 125 132 102 238 56 50 95 33 126 16 203 56 13 195 192 221 217 72 22 215 249 163 195 33 155 148 30 1 32 -1 131 164 47 137 104 29
164 31 109 149 105 66 134 235 95 224 211 97 228 251 158 125 195 218 227 224 88 97 196 49 60 196 50 162 192 253 69 60 79 251 247 10 150 18 81 111 160 252 183 157 192 153 187 54 10 207 179 2 246 86 84 220 7 124 197 148 211 72 1 236 214 250 215 85 137 50 133 193 174 236 90 254 130 117 134 53 68 117 54 117 165 193 233 140 252 104 204 222 207 43 135 224 172 187 57 40 141 222 155 109 126 206 246 248 157 12 216 26 104 185 170 102 172 10 130 4 71 161 -1 30 232 103 66 49
14 6 218 239 6 214 30 171 212 32 32 191 107 75 109 160 48 118 104 178 85 222 124 227 153 214 209 33 176 246 6 61 29 107 114 120 170 168 120 244 213 14 25 3 118 23 12 231 136 49 210 237 111 101 241 86 196 63 1 172 177 61 202 75 73 100 184 182 222 191 213 237 109 221 4 119 175 191 219 1 77 169 87 170 221 90 51 23 217 107 130 163 40 63 243 17 110 39 246 153 214 43 74 42 239 161 236 223 66 208 38 109 96 131 20 25 188 49 213 160 7 148 216 -1 96 230 103 130
241 166 47 151 207 236 151 102 115 32 158 254 247 164 222 248 245 37 250 112 51 202 245 216 18 65 174 103 38 4 80 224 67 108 29 68 254 142 76 101 187 56 134 136 97 35 152 217 28 193 110 221 167 76 60 31 60 155 129 137 24 204 223 61 32 254 226 10 197 193 22 146 112 6 238 129 125 221 163 238 23 171 104 103 41 223 216 51 179 5 239 102 111 127 116 88 155 179 38 42 150 45 91 89 45 231 86 252 24 225 115 4 99 87 91 176 30 148 13 83 136 92 139 44 -1 39 174 106
105 188 89 234 223 157 54 71 118 251 130 35 41 55 255 196 234 153 115 249 225 120 249 16 115 157 198 235 136 141 213 126 34 137 208 205 55 140 152 50 106 199 230 148 210 54 143 201 13 131 75 242 140 1 184 229 60 185 48 212 156 240 239 46 187 158 205 59 72 105 117 192 8 120 80 31 161 67 209 79 223 42 40 71 141 35 102 73 177 114 254 30 53 41 203 254 182 120 64 124 86 23 153 85 224 87 212 105 237 50 214 166 159 138 172 24 45 113 215 158 19 131 209 198 249 -1 157 207
72 239 240 223 73 77 104 145 122 189 89 73 199 111 183 90 68 184 67 17 63 114 231 244 253 67 252 201 57 129 54 100 103 192 211 157 224 130 147 236 92 42 115 230 162 83 154 219 167 109 117 189 38 189 231 93 128 107 100 123 83 118 247 1 66 139 127 40 54 62 188 175 161 85 110 24 238 195 50 238 99 228 165 131 239 122 2 161 143 5 168 171 91 180 235 7 255 6 130 238 190 110 255 171 10 82 94 159 11 106 191 57 82 62 180 200 146 83 148 103 210 239 227 196 19 45 -1 183
102 182 143 84 27 70 24 215 205 5 232 200 141 39 221 128 116 93 192 255 123 51 78 186 136 69 194 119 7 107 252 174 11 40 225 95 55 242 97 173 166 68 68 93 192 25 154 166 145 98 147 74 170 10 200 3 122 116 13 86 101 40 253 162 136 231 151 229 8 160 106 16 38 7 175 201 198 56 99 202 76 198 232 101 114 179 186 34 23 212 105 50 160 81 79 210 238 188 109 115 235 158 222 63 12 119 52 204 253 239 183 148 170 237 218 90 245 156 233 27 205 125 46 87 157 225 134 -1
