# 32 32
-1
41
6
18
199
152
134
99
1
49
77
119
149
75
22
56
57
82
113
78
233
108
144
225
95
87
204
128
121
73
52
152
# 32 32
183
-1
162
105
193
145
236
1
102
137
188
35
183
2
220
38
178
114
61
203
37
17
241
167
48
194
138
75
32
213
128
92
# 32 32
171
237
-1
101
139
112
230
189
152
219
137
152
133
169
139
190
132
227
43
187
39
29
88
91
139
57
247
107
107
200
215
159
# 32 32
46
208
48
-1
94
222
247
251
48
35
123
122
107
140
253
42
7
19
204
16
230
221
84
110
120
218
59
70
147
204
51
159
# 32 32
253
99
73
200
-1
93
224
244
27
62
195
49
213
80
212
16
3
47
28
91
248
165
55
58
34
101
107
235
237
61
147
175
# 32 32
250
205
166
91
183
-1
77
44
129
84
76
103
113
51
184
207
208
107
84
36
135
203
147
161
51
52
90
23
29
67
148
90
# 32 32
92
39
129
61
216
1
-1
75
102
134
63
195
131
93
33
74
17
61
94
158
139
196
150
227
236
101
145
233
171
201
37
244
# 32 32
47
218
193
50
97
214
192
-1
215
54
153
68
102
153
148
153
8
60
107
59
232
104
225
57
100
44
72
190
100
232
16
61
# 32 32
239
57
86
232
95
137
126
134
-1
202
217
60
46
3
165
162
222
235
193
148
77
168
242
248
111
2
89
114
88
90
79
160
# 32 32
27
7
31
239
213
92
123
240
20
-1
152
96
95
116
163
224
174
172
44
139
179
9
179
101
226
186
6
120
155
234
210
99
# 32 32
73
132
177
155
114
94
204
140
120
208
-1
18
253
118
104
55
175
194
26
203
44
90
44
145
30
43
100
51
230
55
9
36
# 32 32
156
168
194
115
214
216
200
89
226
212
214
-1
114
198
198
185
125
218
192
48
82
136
185
98
91
113
40
107
253
210
176
153
# 32 32
212
115
81
218
51
61
10
121
234
8
122
237
-1
128
128
31
144
20
20
104
167
6
158
196
3
99
189
68
232
108
90
29
# 32 32
26
155
56
99
111
82
148
157
108
21
164
41
97
-1
195
129
41
118
198
175
232
182
93
186
68
145
128
156
197
224
179
52
# 32 32
39
223
72
59
135
222
78
249
67
227
163
110
25
175
-1
183
237
156
102
14
31
117
48
33
83
231
235
13
107
239
158
228
# 32 32
143
214
15
41
93
180
166
69
34
102
139
123
144
221
228
-1
203
132
27
18
183
60
169
122
181
20
66
91
72
191
110
9
# 32 32
222
90
147
178
241
153
226
81
66
64
32
237
136
187
114
116
-1
217
149
89
251
82
120
216
133
17
120
216
47
128
116
52
# 32 32
182
167
231
159
205
5
78
192
90
142
59
222
119
247
43
201
70
-1
160
62
155
227
50
245
6
211
93
135
180
171
100
98
# 32 32
242
82
186
214
75
39
47
247
63
199
78
131
222
1
42
119
129
117
-1
232
80
179
185
229
61
100
246
133
221
79
238
190
# 32 32
206
10
133
248
126
120
252
136
54
106
174
31
115
174
104
113
143
236
65
-1
20
184
101
188
64
183
4
255
43
59
170
156
# 32 32
51
157
229
15
162
197
255
8
146
196
66
201
69
109
105
198
226
230
119
93
-1
202
227
86
75
23
140
14
122
234
96
88
# 32 32
94
140
209
76
134
144
12
184
244
86
106
96
197
99
102
30
85
115
198
130
77
-1
56
42
168
37
33
158
12
130
235
80
# 32 32
175
104
104
5
152
48
168
82
83
219
22
20
46
75
171
171
102
31
178
115
33
86
-1
232
224
81
185
246
54
4
24
69
# 32 32
63
62
4
191
141
72
27
18
90
221
239
133
94
170
155
196
187
2
91
233
72
75
6
-1
176
131
178
230
94
172
10
221
# 32 32
73
16
100
115
30
170
35
107
151
75
134
43
96
45
45
180
65
198
25
16
129
179
105
164
-1
53
67
133
40
250
195
94
# 32 32
173
59
224
242
96
60
2
1
71
102
132
38
24
239
9
19
150
121
160
107
233
26
79
16
222
-1
170
93
158
183
203
118
# 32 32
69
243
195
207
45
74
199
163
228
115
214
180
168
3
211
190
98
161
55
186
159
74
34
156
31
207
-1
147
171
94
250
98
# 32 32
20
150
109
143
173
127
62
19
240
111
88
120
220
164
6
156
146
59
103
249
20
195
96
25
20
173
224
-1
170
207
243
147
# 32 32
176
55
177
160
93
246
235
155
12
179
139
101
207
88
4
16
123
120
66
187
118
87
94
171
120
61
37
95
-1
75
72
196
# 32 32
237
157
8
178
52
232
8
201
244
62
168
224
116
21
246
110
37
147
51
198
237
232
248
223
197
132
172
102
142
-1
20
184
# 32 32
83
9
15
10
91
224
86
19
96
255
10
22
87
164
87
218
151
130
255
31
232
9
38
215
223
117
88
238
239
222
-1
24
# 32 32
45
114
88
236
97
230
79
176
93
159
56
131
17
151
221
123
169
187
35
110
99
233
13
97
204
8
191
94
175
238
126
-1
