-1
39074
49891
13418
23744
8348
3124
1389
45097
17931
32015
34679
22572
11982
64627
59183
991
61418
16108
3672
387
15324
33087
26637
50583
36402
44845
51219
57313
55259
28775
26542
53875
41402
50866
13842
64818
17586
23235
1148
23634
24169
12687
53294
41146
39936
5380
59938
50502
43040
9459
38536
5248
56980
15504
37213
63296
13439
28908
20979
19381
60670
15629
56248
17150
60778
27433
21867
17269
53925
48353
61757
37601
46840
23600
14788
46518
2596
55856
32848
56844
36533
20791
743
40396
43254
9546
25217
58303
23849
6784
19111
52230
3913
33982
20863
45560
16221
50332
21184
3623
57154
48021
25969
17769
4195
43940
10613
30212
13661
63491
19592
61044
5510
19464
38058
63628
41316
8018
8388
14703
55656
41830
3373
29903
51353
244
8697
46611
-1
34160
18913
2791
11633
33531
15554
25636
34750
14403
2224
32334
31273
16949
58836
49551
34888
56306
44305
51853
55159
40642
42003
3368
46783
20890
54644
12011
47858
19986
42738
12339
40795
37749
45573
14287
63825
5728
40740
24764
63360
40368
39244
4475
43805
1801
8676
59529
38086
41487
54803
12121
31929
17789
60917
19254
29376
18996
42780
40580
5800
16566
6772
58951
51738
32182
38236
18549
27893
1609
23167
25905
46994
50035
6879
38219
56298
12765
56701
28523
49983
55254
6697
22032
317
27771
50308
16978
59863
32788
50714
20869
20156
20417
29191
11090
61547
16923
44624
30316
3106
18140
53653
38680
64280
27692
44
63551
48343
21104
14494
65310
32554
23085
58353
48192
23131
30623
43329
47681
25452
46047
52361
60426
48438
61805
16832
6229
22388
-1
9629
1283
20446
15983
20621
41165
1396
21750
22921
9027
4085
8986
37611
46519
48201
56476
58469
30317
179
2697
7916
254
39922
2291
49861
61935
42836
55095
39980
22213
6558
18526
61993
42326
30906
40933
56783
40621
18984
30342
47090
35544
12672
18223
56383
53922
33730
51482
33143
27572
40043
59715
18162
8686
43459
34598
5476
3050
42387
54944
22491
5839
61081
55396
13143
41006
28645
46789
22346
35632
8439
46595
42590
22599
60397
1021
57072
11425
57224
26167
40663
13496
50047
26806
15692
23958
43758
11149
59188
29054
28099
6296
5518
44717
31573
14333
15232
12448
43803
65024
48472
45018
22745
62755
19834
50795
37969
5625
62534
6837
61562
53256
43523
42062
60067
24526
45175
49718
21819
28341
12230
30305
7798
14385
63000
49097
33236
58312
-1
27595
18336
35202
52118
6464
57987
8230
44871
12735
7554
12576
16491
32648
28446
9287
29106
24350
29313
35864
46139
8404
651
42902
11972
52094
12601
34723
35878
35574
10768
6715
46171
2723
21749
36339
56329
18673
36376
43862
58356
53941
2265
31895
36743
42019
52292
62096
10874
44281
60578
14553
26955
63143
2996
36881
14833
52262
34092
9249
37533
15990
451
57516
64908
62670
20308
27238
24839
49589
15788
571
41322
65348
15707
23853
21796
17158
45800
19255
42108
10125
20762
29615
14678
26173
62913
20501
40760
28792
17336
6612
10235
43759
24909
11474
16252
27714
34965
30732
15162
62144
35350
25506
65411
38332
61346
53451
27321
65444
3268
17573
49088
58390
59949
29278
58121
4861
25335
33545
10366
59310
41655
49461
4013
22018
26322
49286
61975
-1
12449
29495
20325
19016
14867
44672
23079
19818
1230
18240
55631
25988
57406
42642
764
10815
53770
18071
10585
37346
56050
58909
47725
36522
37976
41894
33392
59724
5753
34943
48950
33383
46449
28513
35681
27276
2179
46633
51838
33878
7551
54151
27197
25467
17952
19541
6783
60779
46396
54686
13069
63782
8752
7783
59601
43658
34895
55674
6252
60848
2685
47832
1680
34197
9092
63929
19907
17530
24094
5501
1749
18363
24564
11277
65032
26988
39490
46157
2175
34024
63282
31372
26585
2429
26235
16992
5729
41061
13712
57016
65319
34732
15030
25170
61700
38926
45236
3862
11400
7704
23658
10674
62935
46441
5664
37880
40728
15637
5301
24265
10256
27860
35044
36822
13280
38514
31169
64830
32302
46265
27511
6129
52273
41823
27977
100
52331
95
-1
53359
43070
46251
61733
33525
47216
57413
28032
31234
24949
20352
27358
1217
26329
52034
52391
15804
47968
20312
20268
55847
60748
53345
25184
48214
56755
60097
56858
45757
14749
65004
40831
65151
15771
10800
45750
21719
62536
64048
2056
48230
2845
49907
45973
41916
42439
61236
25543
46210
38117
2993
6408
30902
56220
15071
31978
26892
54092
18913
42582
45416
52080
19595
6171
35828
46913
9732
40889
11668
7505
37899
6162
37342
61587
9995
36489
46578
20924
23994
23685
14464
24452
47298
43593
60285
56990
4200
51201
40019
9809
59515
38488
32039
39949
60492
13971
2229
12250
13220
18004
467
9478
28793
21022
47760
4106
15966
33075
35502
10148
48361
17642
33072
55566
9222
45056
15753
50410
42780
34235
50246
42001
16757
62503
46095
55947
35010
45596
-1
31712
56148
44802
9514
27172
11400
63036
270
44813
33518
51968
46001
17637
356
27783
34616
13905
59662
62153
20150
13420
19965
9663
10899
46993
57263
62987
28967
48719
23179
10240
35440
53387
498
5242
9134
11354
1277
7305
43188
4909
18107
13096
47620
9666
15550
51092
22135
59556
23686
26284
35143
27039
25612
12727
27955
20026
26857
2673
36188
51393
58981
13186
23915
6724
56764
33900
18680
6764
62866
55530
12398
24151
41445
7505
31621
45098
26940
51650
62866
24644
47212
19601
11650
45664
33481
29318
50689
17844
39056
24055
31304
32326
3590
37456
22876
28415
19117
23557
876
51307
12988
31225
22076
35966
18952
58585
27160
44333
42236
16445
16993
31466
34559
8994
5423
19928
35769
39168
35815
37765
3401
64861
15438
57823
23388
39851
33017
-1
17233
60747
4385
30039
47141
46314
21270
49948
19474
9866
36631
54412
13648
17600
54519
34751
24580
5324
24791
29103
11737
54433
45506
31808
9058
9183
6981
60246
16889
7861
5342
65033
36299
58674
65240
982
46053
43270
65010
45637
37988
59477
25076
46191
12345
36983
33816
5941
59579
43349
37055
34681
43911
44494
6253
44395
14385
42172
38453
51853
37035
23644
12785
23775
2555
47422
50271
4553
28456
48735
16039
57587
37402
58443
2881
24474
10697
42367
55789
41377
11097
53013
19892
29147
19479
19812
35877
37897
62629
40711
43557
49528
32792
36665
18800
1615
35642
8923
42960
26339
37510
32331
20625
21642
44835
47594
56430
36889
37258
51271
25632
25806
36983
63357
15068
1633
58146
19344
53767
9079
20079
46130
5040
19801
8514
38110
20623
34627
-1
32641
34190
47504
62581
12028
12798
36131
13045
40196
57092
41240
32840
12270
15179
55747
45208
19804
58004
33702
65087
27864
36291
39087
39640
4948
6690
14168
57422
47915
55296
29026
25268
40328
46495
21830
23865
62049
43008
55851
17009
28834
8994
42435
29980
4909
61846
41250
59992
4512
16860
50227
12897
26102
65032
3634
36065
40740
18656
7698
43842
4831
7619
36181
55127
64591
30790
38010
3039
28385
61959
43244
14467
21181
38319
21706
44910
33430
21706
13755
26699
20415
42169
46746
21897
42854
61184
1744
40175
59532
659
60864
50940
59664
65469
48512
22498
41613
16976
17952
10062
29451
20359
34949
31511
35634
33735
16985
9827
47671
53023
61457
19665
8596
10763
40693
46484
57706
59999
181
64975
34073
58746
58050
63105
35464
3814
41159
12726
-1
3769
25763
64434
12756
43995
21875
54797
23521
63555
33820
4370
59935
64647
23852
1987
47997
21336
51972
50698
52288
6962
3350
23046
50775
46785
63438
42696
4717
11567
59519
35917
42172
40345
36700
19275
47674
7027
23901
13515
16616
60387
15119
4642
12128
21495
5294
56258
39472
50980
11074
51581
52428
46721
2802
32551
2588
37431
28009
12467
64861
61064
30662
39964
7315
22397
45075
3298
39800
30279
49440
15602
7918
41845
32563
41963
57640
62265
32123
15370
1645
18767
11544
29895
16227
34785
56300
45211
28861
51119
15248
53789
8207
34034
21735
29629
21930
23183
20487
63300
59213
27141
49404
18894
57484
48928
30782
17923
54588
39964
60883
22828
59929
41677
11304
51426
9826
50760
35838
776
19798
53020
48206
50374
10155
39118
25199
12332
19889
-1
27026
31851
45816
60097
8265
45021
32888
3224
38827
60872
17760
2103
25867
7528
17665
60704
56676
40507
31277
53285
30216
17870
57866
27806
11918
23204
29219
742
20492
2216
10518
45701
11321
17078
62253
59727
7887
39551
55666
28708
62154
7828
43866
30256
45327
59626
33724
64849
25310
55316
38055
41583
28011
51857
22022
54282
7550
47446
46377
21359
57282
16456
18238
48498
7340
29227
5357
54252
30114
17072
32061
16674
291
33238
16157
15976
12982
48193
3711
56650
5436
31782
43941
19008
9918
27036
32226
25948
37998
15068
13501
30943
18263
61798
24046
62411
35967
32214
50375
41224
57654
22069
30466
35199
5612
14210
49893
4105
52645
56367
61557
38443
758
40593
14100
1488
48852
48033
15807
12449
18603
26409
59027
49804
413
6230
25004
41033
-1
49490
29401
38536
36809
40077
7392
22452
37792
31661
44659
22158
8895
33842
7091
20847
50237
9628
49295
6776
42172
57528
25438
54288
4560
9026
46332
20869
53416
5079
2760
21044
20648
16949
34164
43847
13840
61993
41288
61763
21322
59120
54363
64606
35887
7389
2631
6693
7672
47891
38924
56988
26875
45289
56311
28465
40590
23778
38652
40558
61828
5638
20699
18855
8642
42109
14722
63363
8426
40876
19397
46733
43399
46159
23597
22219
29892
37788
24441
49453
12679
47875
61889
43954
44699
1511
61449
55632
1085
50495
50946
28037
26024
53049
33733
20942
40370
63562
62944
62595
1332
31469
43406
40008
10564
228
34767
48132
28015
35138
46980
27703
29722
28209
37771
62540
56599
19189
40934
10801
15999
26295
57277
62844
26749
16880
1786
32276
22132
-1
41154
13903
22598
54586
62325
34286
30383
56703
60647
3506
45840
39421
49563
15003
12166
47709
31390
8419
53000
848
15662
49314
35777
60034
48526
40083
50439
45939
57712
39191
25170
28139
40310
7330
43594
41490
33176
12696
9897
40396
33009
64305
1676
53396
50380
27328
47754
32523
4029
13139
870
16541
45648
39348
44445
55756
56255
48853
5755
29936
38059
9591
59765
11812
30640
6741
39781
52785
19227
56799
40377
42218
7658
63609
44882
17265
55376
6847
54171
51918
38285
5608
39501
60258
11580
54489
7497
33286
3315
42817
39088
63518
19622
23606
35385
26163
27515
51361
62390
60552
61667
29121
53034
14023
18535
33615
24535
44335
55834
55641
1509
24332
7742
8225
49635
49937
24272
55127
30053
60603
7789
29560
48398
5462
4195
55667
13761
24479
-1
29044
26178
51232
8574
44763
61062
49113
28702
24875
63336
31107
37344
3916
57691
7962
6791
63758
56459
13647
30528
30640
55269
59491
31279
47571
56769
48717
14429
11700
3402
57265
4874
61771
6179
13075
7697
39163
11617
13747
28130
37611
770
13318
47344
1189
11970
56491
18698
62816
10615
41053
37110
14708
50836
42822
35902
62703
9659
64100
42973
37448
29000
8730
31
29043
43778
40066
44555
38823
23332
50912
38240
57885
17792
7201
59467
565
32179
50532
14486
35663
9283
25987
30240
38807
37080
48302
61052
56229
11244
62921
47624
11380
15607
61672
5427
39339
12799
45959
49225
61511
40933
64355
38736
28835
54842
54235
12593
54767
49819
60501
5349
22137
53942
25355
46141
4745
11382
23997
12056
25025
9676
35121
57980
3872
51703
43580
42884
-1
64907
53477
1967
49473
33425
23680
25065
35366
53574
37843
9032
17078
45617
64166
29449
476
61942
3575
32813
43462
63746
53514
63783
41270
49825
30434
6897
38909
24800
8845
5929
43615
55649
33713
58666
24942
24562
20756
46565
54899
3858
52653
14429
49858
40477
43570
24635
32790
58579
3214
42000
9166
38121
60226
55947
1548
45233
50292
49102
33877
15757
36501
46997
15795
44664
48253
10412
45776
64460
57092
43519
62542
12921
48188
37043
50951
52384
31679
20083
60771
59023
13993
32771
47001
36391
51859
15680
49209
52360
19103
63503
5244
53103
50940
282
1524
14520
12699
29198
56773
1025
12017
59222
26625
31110
57807
8497
47332
16071
36373
47901
11624
24561
44104
27783
36789
25816
64830
7469
53716
28444
22281
29309
28980
50276
2069
53991
13794
-1
10176
56514
26213
2067
17355
32349
28369
6382
10082
25382
63513
42967
22093
19320
546
56774
4640
39960
51697
45284
15292
53824
57186
30981
23458
39385
48024
5012
17344
42304
12789
15559
41832
25327
19941
61669
47493
21191
11581
1498
54817
20481
42292
48872
5031
42431
14548
27631
7887
38375
41410
19717
31184
58319
41924
31801
59884
22715
5600
58199
3385
30249
56128
18339
53105
47933
14813
51725
16834
507
62707
43432
15664
61713
41643
56718
33326
4255
50222
46876
44587
19354
8147
45717
34329
55021
2895
7927
63230
22586
57696
52524
7376
4652
19527
24504
20179
25480
24543
51345
2491
36848
46507
26118
47011
46549
56394
53239
13885
43353
21340
56343
13398
18133
22055
57272
25785
46630
20919
61693
39094
24502
642
31241
5159
9501
26380
17029
-1
63948
1656
33761
16451
25347
19118
2018
64617
33328
47766
41902
9074
35995
19223
22296
64790
47983
48521
62941
28893
672
1589
45659
13186
17928
30009
17921
55928
49760
35142
58941
21896
62661
39902
9812
13943
51199
25020
23401
44640
8365
43940
50946
27573
41605
33447
39863
21498
9077
5239
64422
28063
7358
7656
27436
31710
16318
26939
9744
63152
20452
1081
65036
46617
61676
38106
37689
56312
48741
47192
45383
35520
40906
8354
11491
34175
42801
15388
9446
30289
15925
54379
61257
37755
3682
22910
30588
59765
36947
9890
25040
4869
64477
37206
28013
23302
25898
27416
7678
2884
32993
905
7747
46887
37257
40715
59188
61852
30285
44303
13627
20978
542
3555
39715
32541
34375
5585
49516
15151
45615
20563
62832
4178
55812
17456
16615
16821
-1
61322
5150
32128
37713
60371
59731
34160
35242
42812
40512
30
61992
12898
5179
34782
4026
22645
58326
46218
63997
63312
12956
42088
54658
37501
15035
64248
40978
20159
52615
10158
2822
11243
8449
34379
40594
19589
38761
38791
45097
16173
21568
17353
52785
46953
5059
60151
11801
42334
14451
5663
49618
6055
56679
33536
38450
1650
57271
20407
47308
57582
51359
7053
56265
53782
23410
7184
60584
55679
43474
60330
41498
11068
45566
4647
579
3653
11589
5871
14199
20498
46479
14113
5826
57494
22000
11218
2399
13255
59609
34287
26675
39763
43644
34198
65165
23286
3416
56788
54540
29910
33539
15765
37247
47331
51691
17649
47306
5224
62178
8820
60810
61911
16936
27832
58370
64048
54543
14181
41403
15982
22805
12508
56203
3109
58513
51236
57710
-1
33788
23142
54193
35841
57750
38935
35581
23422
7437
46638
16084
64421
19494
22130
34300
28772
18339
27013
29203
45463
33228
23229
60396
4663
35523
51649
31291
34608
23783
38595
16715
36309
28819
21025
26001
4404
26480
41412
8814
10535
59054
44001
59884
59166
44301
32990
23685
30848
56875
49509
55489
59866
54676
43361
27019
51867
26797
42903
17275
59699
54065
18041
65162
36047
17597
50414
35241
63985
4943
55711
27594
8526
17182
53377
8737
26105
5119
50724
32113
43924
13269
48879
18395
64090
38619
20949
37608
53931
23687
22069
46049
56325
39619
37313
52149
50009
46317
34042
3442
31981
43536
20467
44227
2768
14858
3828
22614
7686
48593
42515
20607
56255
21966
45999
59630
1279
36885
32338
35780
4183
58765
18772
47858
25918
57268
18264
29337
2870
-1
9097
21646
40072
40180
32664
40930
63495
7501
16618
42108
22224
61708
20590
12555
60752
2949
46636
6448
60124
24397
29823
43507
48077
7841
17214
64485
6404
7683
21463
44465
59374
5069
58853
21856
8837
8237
11613
38672
51226
34781
58569
49639
27718
27282
51964
37448
48169
14689
40638
23211
42462
26444
25162
54662
2015
23551
63914
22107
8060
1145
17135
18030
55550
538
6081
33392
29717
21627
20871
17925
44220
45011
60465
64891
25351
16935
58748
31240
32283
20423
38465
21161
57477
50511
34426
6719
4743
10025
6752
58272
41099
32916
10913
28021
49467
47690
30802
32051
42746
10423
20210
23529
9717
65146
63551
11825
18766
57227
15855
17061
59693
1797
23269
16263
44975
45543
15200
4133
38023
34990
51843
48816
52872
19193
63954
29006
28645
53939
-1
8504
55949
52230
9501
44835
52512
25598
42845
11094
30318
35784
59890
58250
33406
14952
6436
58867
46729
25986
745
23673
32306
20597
39499
22753
42777
17742
55319
26906
44322
48737
17156
5366
18424
2800
65351
48380
28148
19572
33487
30563
38794
10749
39664
54836
54876
27907
2499
48536
30300
51810
33476
30469
37975
13361
16925
9293
55940
34178
60128
52029
19457
8579
4122
44764
34993
30286
55796
55727
26685
11556
13750
45263
28815
42698
32430
15052
62829
11906
61155
10110
46087
13534
19240
51600
55369
57968
46875
57954
38608
54749
32979
23401
54111
46768
4099
5556
4226
61916
55906
47242
34925
47349
7392
624
2507
52965
24681
61497
3033
6575
14210
993
44314
31525
36895
56800
40654
38687
60646
44478
4019
6712
33297
37259
64047
28603
29913
-1
3824
54877
20494
15142
24950
11702
59078
19701
1148
24699
521
62437
46633
11067
23901
61072
23906
37541
8944
38904
17305
17738
8712
39461
32327
26088
17076
37721
43390
55342
25296
19182
985
4682
45588
8346
9435
42004
58683
62159
21548
22620
12800
5587
48717
12927
28161
13953
63145
8142
60756
28122
43142
36089
3109
5604
63480
33584
46476
11627
48705
56420
35154
41891
55699
45231
52239
1186
52550
42478
25238
49100
46686
3404
39991
32662
42178
42110
62586
32770
63676
26693
40847
55582
53652
55025
43461
13054
17261
18520
64278
39357
13273
46869
9475
35699
51401
11561
36048
23097
62929
28264
63623
55940
14565
61160
50770
44610
17515
60294
14774
19918
58646
6470
49279
50008
61769
38221
64328
59365
35676
14834
63583
47206
44755
4214
44102
50438
-1
54923
49441
13189
30655
22734
30479
31492
58265
33190
20872
27101
14543
7847
64152
13704
58833
37853
5998
41220
2827
2332
18562
39352
8892
4522
51166
54642
582
17372
543
47491
33098
14556
1465
60508
56896
63164
47324
34564
2644
2222
1889
33041
6235
54682
32056
22582
22691
14311
23538
8934
35543
25191
19560
54163
3576
39788
10176
53789
17469
19601
32480
59647
48095
60012
12388
2935
8076
48403
1240
4865
16187
45846
49580
43212
23346
59191
38416
29476
55788
22287
50802
33115
28948
29768
36605
30056
8847
45863
61314
1877
6350
15062
19011
33148
46779
56839
49605
30541
11369
23670
45423
61327
26837
10072
47361
36265
63459
27904
29121
58941
23193
2765
8859
22040
24184
23733
57186
58743
42642
36837
61344
46206
24405
38107
38735
37281
53259
-1
33665
46537
59150
12634
28385
26179
61418
38282
4259
53051
1742
57606
17859
23479
65103
52
63893
30231
37456
978
22773
17182
58856
50597
55298
16481
28943
54390
36896
47541
50012
60173
12095
25779
46097
18160
14520
5843
4263
63495
49645
7682
1491
10758
7489
29779
13219
46268
64938
64035
61560
42983
33627
27092
59574
61804
55209
52680
59383
60679
7809
1658
863
23539
3869
5261
59922
7719
526
43905
11614
48955
46908
42681
6239
63549
38645
19647
40222
4858
9261
36357
46877
32727
56241
48835
38659
53587
15882
39786
43339
8306
39097
33401
59590
507
44862
31852
18209
2883
38826
59574
9825
29241
7103
60023
6329
17405
43963
9801
39729
12741
57570
5052
14395
14497
26006
46434
30067
4716
8744
47405
30678
48842
18158
19978
14902
7928
-1
61107
47118
14069
19087
50283
29913
62393
38514
17267
39886
9666
58398
5181
39344
1263
3033
11538
54159
17156
1275
37025
5546
51423
15616
60672
12823
54254
50145
16968
50508
48230
9012
61223
20589
39107
36642
39044
27694
31246
11359
17270
53017
19675
34653
25654
16719
49968
36369
31604
29726
64862
131
47439
49129
27032
9430
16450
52791
45978
29364
23939
39832
18730
14105
51465
9478
45396
27525
52139
53755
29844
28696
37561
33998
9651
34996
11920
7945
4600
19549
58612
59434
13534
39003
49791
57304
27149
9856
45181
32376
65232
44166
15797
9005
13820
2499
15280
32681
2183
18419
61696
41959
9202
26716
35723
57511
39630
32637
31303
24471
61210
3057
55173
30197
19177
25216
21347
56549
2137
13254
21867
12063
24224
19786
54391
25337
27372
61233
-1
4299
22369
32781
58721
17451
23143
14471
54707
55589
35873
12286
21287
38861
12883
37162
58994
30149
3315
4663
44834
25266
27777
2331
43806
22949
35542
57427
30990
55750
40119
64362
21329
15505
31457
60934
47552
3643
58911
20828
6470
55541
24977
46989
37788
10219
46845
60301
43430
30139
44446
60578
61707
55895
62900
21297
62864
58755
8495
63302
25335
2723
31275
63810
19633
29601
36291
65403
21220
7821
61840
34596
35828
53838
55680
39440
54912
15219
35049
42858
14146
64948
38543
63366
30994
24013
42009
37997
31393
40992
34518
12256
48973
7220
41241
1198
42371
54632
961
40737
54564
22934
35388
22650
62021
57534
28978
43574
53075
31410
31824
38122
38740
41991
37563
11311
40344
45992
33082
30619
15664
57885
35728
19197
18503
37727
5602
38455
42264
-1
20716
19212
10366
12811
59270
64004
53373
13075
47991
5186
14067
47450
30723
62874
1234
43776
35095
38309
65322
52676
44170
3487
56627
46229
24504
9928
47593
63835
7332
53286
46682
52050
46666
50683
30930
6629
51187
59148
48774
56088
56171
60295
51712
27996
41209
21567
56451
41152
65401
18484
51631
16302
11921
62544
30178
7651
6325
23687
36570
35246
49182
57130
21656
49685
35089
25766
594
16057
12571
4753
46746
3427
12153
55757
32067
15678
49016
21053
36528
61802
46978
55739
37325
17581
6760
6379
47252
16746
17382
56661
60213
65532
29504
43697
14539
13682
24257
59667
56618
23150
41816
13404
17025
16284
47290
45245
65416
61379
1252
2050
17930
45569
45209
57871
45098
21794
38732
35617
7830
42093
20673
17063
6954
51115
23842
36403
24289
45166
-1
31301
45364
39480
31717
26943
43334
20808
35231
60783
19953
49241
33822
48728
19929
7784
33445
62193
13513
48943
3532
52959
41921
10499
20191
48369
23393
50379
30159
29991
19197
26286
18743
54798
14599
18531
7391
34839
53631
25176
59645
33981
20432
42116
10921
24041
29506
37689
57965
46378
14593
51911
24523
28331
6970
57311
15279
35074
6741
31366
29079
63067
56650
8724
13617
12370
59548
62537
22915
60050
40090
43811
19302
32482
35433
28863
28831
20501
43827
356
40558
20401
7808
2394
27404
51139
24183
7728
41965
17362
20298
46557
2880
17916
4399
44945
26356
21181
54877
55014
30679
17072
55794
18102
14804
9446
9272
55150
28440
60812
16209
27491
5392
15355
19872
20418
8733
21547
40982
55314
12128
28982
48044
26435
57084
12796
19741
584
59511
-1
12687
51714
37539
46297
47370
40804
40177
5930
62797
46745
56980
42708
20924
8857
55702
46710
64446
51786
48812
15388
24114
32160
9186
19029
17292
20142
7949
43595
63805
37595
19799
29738
47969
43280
49999
63595
19908
23501
11768
1206
60345
61035
63128
28711
43189
38105
35264
64989
12926
26708
38842
18393
2335
24935
13457
63229
48969
1295
36785
21966
1529
43577
55093
55951
23523
58598
37144
5316
46704
44527
42287
18389
32447
28229
29658
24711
13829
63645
22718
2066
8272
10603
56605
55173
13261
20587
7001
17974
55686
43398
24860
47592
62427
40807
56235
64402
40374
25456
48567
34877
46154
15634
30007
61616
34231
14789
52451
11095
7097
15181
26861
17390
64288
12690
38976
4281
42437
21754
2726
17133
48333
38962
49298
50009
33101
44807
47466
7283
-1
64096
58626
54554
44712
59365
33683
31276
1219
49918
38583
61999
52082
3014
13685
32960
63808
54503
37624
16052
34850
5639
63188
55805
56474
37991
23581
5615
49397
25404
32103
16977
50201
10446
45062
4348
59747
2603
21416
22026
31286
43559
64966
4658
5062
6658
26717
65297
47240
9372
41198
58994
54674
5250
63959
59798
14161
9722
26012
17252
15934
46025
11182
18493
25054
22265
48474
35386
9503
3095
42518
59925
44315
33052
51326
53462
18765
22799
39861
8598
16479
36625
56989
23159
28844
25619
36919
450
21948
22200
28496
63624
20535
27291
25256
18552
9196
37404
55152
40762
51190
63687
51023
4915
27044
2676
48866
11570
24137
36190
62819
17902
58028
56111
54824
1666
54418
19408
7016
2083
6733
48622
11597
62654
49678
53391
2439
10091
23755
-1
33000
57808
6714
14093
43242
32111
12556
63645
47865
35551
52928
56756
36622
64512
41811
27497
33775
37650
56718
4593
36750
23196
18106
37419
37575
23908
9575
17796
26779
20389
49147
42003
4091
42144
7425
40071
28588
58038
40214
35194
14369
12727
48427
28441
50356
56259
17347
30971
22738
65280
57182
21936
57173
33559
51659
60802
16947
46362
64083
35221
14312
32612
61822
51407
39398
42814
54772
22889
42332
15690
29143
53123
8830
24021
7819
43588
63120
61352
5298
29709
1504
30858
34124
61471
58600
49104
50112
6562
45065
41844
27643
28008
45529
31106
55646
4889
43363
2572
61349
64419
25324
55904
59510
30805
36411
17477
3421
372
42379
62012
10754
10941
4543
43184
36069
34882
47944
41114
4979
53944
58830
54846
15966
55182
56785
26414
3083
45801
-1
61628
31952
4311
64019
20271
56128
24841
13701
17800
3287
46917
13994
2635
41897
56257
59721
62212
40159
14054
47460
15791
7685
62537
61930
22539
33366
50558
57819
47049
16665
42631
15031
59360
43799
21340
2735
134
1301
60254
56644
62859
64203
13038
59890
4419
36289
5941
21896
27124
30269
32198
63059
22260
24483
17291
15361
5568
31503
41344
25884
15625
30980
63337
12474
1881
56903
5123
39211
3269
20850
46070
26212
11681
12474
58554
12011
482
35263
1744
30599
55215
1939
26531
44129
18321
6522
30165
56105
65199
16826
40591
10795
27129
28008
8099
9320
35842
61302
38681
45618
16827
24135
40115
38358
53300
31991
50592
12108
39712
40316
47691
40303
32599
7095
41890
56955
58415
1589
39490
41361
40426
61744
18987
23083
62221
7297
50696
8087
-1
2972
39490
33326
58031
63626
16231
60542
30244
57064
12679
45211
61740
61335
32964
44582
64490
50602
23321
31126
27015
53982
48772
41302
45816
59834
7012
44349
52370
60452
6488
48990
64942
36825
60266
50891
33525
39318
29337
54102
38073
4072
30554
47962
27022
14808
26456
28701
36641
64183
18226
5421
2965
21638
57188
25584
33893
60781
52124
64244
58388
33801
19397
18721
13252
52230
16222
7132
45661
62979
11055
19669
6340
39410
64572
33325
57512
32419
16790
15815
34967
46149
55689
19834
55630
53061
5386
11253
56021
40647
47177
56793
25699
24878
2166
34963
53981
25273
57524
10301
46259
44220
32358
41885
65488
28513
40418
19929
59932
10397
19367
8173
43518
27676
57765
45109
8436
33034
56165
48782
17747
41907
40582
40998
31254
51839
2154
50351
50652
-1
31566
38403
29853
59416
9214
15515
16329
47426
34232
42422
27189
8326
35068
29558
60783
17527
16760
31071
24169
11112
5460
7034
25925
29913
51202
40410
62413
10109
7700
16589
1089
57231
49488
53848
27959
64152
59461
44311
3501
28160
30717
52757
18864
33974
7136
44702
29994
25151
57295
2935
45874
14532
1605
46777
38689
8522
30986
62432
49308
21146
24359
3955
53730
48399
17044
16755
29918
44248
15608
31782
33142
22726
19272
8787
38825
30352
51489
57237
26679
29916
4837
55142
18480
63483
46594
56991
10979
28987
19861
15367
23719
53482
48864
55629
37082
26332
43807
35933
50180
2372
63847
11248
54793
49670
6552
27514
59395
17091
55616
51414
54994
26563
32633
2865
52570
65290
42181
23725
58544
11784
27384
1269
22972
17015
3833
22427
6571
60528
-1
35586
53067
52848
41463
63221
64006
4885
44515
30939
40940
62772
3825
24179
447
24925
22497
59487
12418
29323
59505
40815
43002
3402
32241
63889
45789
54262
23124
14858
35701
10258
51810
43540
49791
11159
19257
51528
25364
31492
18061
44682
62474
8807
37950
25084
13150
53557
62427
51820
52821
3391
27202
36098
29959
12411
21367
26101
3142
57315
41816
11366
33169
30927
16780
1422
6100
28980
55908
56197
30578
472
50108
15735
36825
55624
58036
13733
16502
11403
2701
53700
50340
45423
16162
64595
21269
28157
9824
58295
63028
39713
61780
1606
53015
35109
47571
42217
21744
19913
1011
3313
50742
37350
8471
27675
43956
60520
20281
4288
61934
56025
44869
10979
47963
19067
37320
4402
42700
59419
23211
42636
9166
22397
20504
43554
36657
47191
33340
-1
59669
11561
55292
6721
7054
212
37421
54804
18361
29704
2709
54739
34644
24153
17754
57137
12416
27609
50405
48507
4302
35400
26444
21182
39702
20457
11175
18885
60442
6900
47332
9313
11237
19941
24549
53783
27532
33562
20246
29352
47856
25917
50269
8401
7267
25921
2903
36567
10266
493
13331
12013
31683
43595
52224
25190
65029
21075
5075
31301
45683
21267
9293
43931
49742
44778
24324
44259
44744
20480
22870
10171
63914
17911
19665
4584
45452
42561
24697
19748
31370
51134
6914
23945
8402
53032
21912
16718
46695
43554
4053
4585
1168
57221
58513
29084
41052
21877
37608
17210
30478
50544
51092
17989
60319
61756
53318
49086
13614
61095
23249
39824
17022
19420
47875
5387
43113
20686
59880
20198
64943
48849
20892
37797
58604
63288
20446
13452
-1
4154
17396
23135
32741
54809
60338
14166
7155
13934
59922
23516
33526
26903
54017
27588
62593
7800
2497
36506
62415
1079
54671
36274
12147
57785
4298
40909
18661
41650
57176
9159
44900
11526
46004
52649
51476
39039
27504
29195
45927
49074
22810
5371
53731
58523
30642
33661
39166
53579
40933
30372
33996
22834
18367
31737
28772
24151
31090
8604
59081
24087
61982
17346
9977
22251
5128
52319
39694
49136
6212
49980
41457
35445
44797
57914
115
42437
17021
1775
15120
44969
36250
18237
56729
59837
41975
64203
12331
61945
2037
530
58335
9301
6188
1126
60819
2476
62209
13235
46971
63193
21574
6723
5275
61521
17522
39778
19815
48501
27137
19706
44222
3185
53474
45462
41901
10755
8936
1582
63112
60737
46289
8807
3631
12290
58130
45878
44355
-1
7607
25839
54988
21971
50556
11883
41472
36748
26658
12594
46354
29705
64365
21832
28384
1991
18961
19730
15531
32192
2299
45121
63000
4776
25285
37617
64268
31211
63859
24066
15907
36053
13675
13112
42589
19215
42136
27389
27183
6716
50091
1470
46866
18379
62649
47087
10767
32795
37730
47704
37304
27497
65118
6510
40690
41279
43019
51918
29879
50275
13502
38177
61503
34615
24790
52308
1954
530
49210
20658
36249
49377
23987
51991
4042
63652
41871
32913
54581
56803
60765
32533
60056
27302
63917
37118
52761
10237
37095
52968
56709
58152
36509
35684
6274
12697
35210
46774
18654
52412
31873
537
8965
10082
60423
55711
1126
15899
20192
61752
5267
31350
12826
46218
3864
436
64397
24626
2049
62779
61730
51137
43326
57443
27839
61359
17593
19114
-1
17896
57251
20423
50484
25243
45540
34131
32964
58622
44716
63892
58104
55232
40463
46036
28346
9314
6915
44398
9329
58609
12684
11330
16375
57669
14279
16013
5764
12472
37115
59078
42096
14328
4181
41961
32288
34114
26889
35926
2488
65081
22368
48033
2290
63305
54885
31398
32463
3391
45542
33114
13101
23084
27486
28685
39434
53879
64889
64253
25601
47496
2002
26581
15972
63714
27847
65238
9389
43317
22648
40821
58132
17969
57940
38650
35005
26160
41268
35622
6440
54516
43407
64173
32247
43282
2242
14369
46462
20028
52157
42393
28989
25062
7885
22498
14133
7628
20714
37369
56110
20166
12538
57053
61734
59419
32654
8581
60577
52289
64218
16605
52789
46799
7472
45810
22261
32490
24044
5956
46254
51862
35028
5117
56252
28888
37790
1929
28409
-1
18294
17036
53588
12552
60728
43926
23338
47385
57583
3942
65496
2333
4467
23883
26234
35645
50951
52967
38845
49108
42778
12192
2627
682
20837
42593
21096
10473
60246
22450
33327
12367
406
38211
58273
49929
33931
23132
51027
54079
42597
45940
46791
4896
19075
43809
57191
61207
21698
8907
11270
51355
20679
22928
42539
54002
8707
7251
35165
8690
24182
24797
38439
54247
27283
26208
12391
3489
47777
24913
34153
31039
62811
47559
53780
35975
38067
49896
25080
49682
12423
2763
11101
42726
24147
12422
54150
58293
34425
64556
49571
40098
23948
24916
30731
17302
42765
5763
43601
43199
12978
24787
17049
45184
50168
46935
36569
46763
25550
45845
37818
16657
16314
30473
38138
31230
1138
26813
49697
18266
34828
29679
6597
44077
46762
60198
44325
28093
-1
54090
25641
61976
52778
2305
62451
58983
42665
36341
48320
17155
44851
43406
10949
28938
8112
55770
25
20177
61272
11277
598
22418
41997
15622
47317
60609
56208
55225
32959
52483
10998
22107
32602
61575
17518
42254
45679
35561
15041
53454
11428
62349
37237
50293
39967
10705
54271
34708
42781
59226
26492
34970
37942
28962
59060
49044
60864
52391
27450
19041
27646
11170
65136
32446
17926
37030
12441
6041
57821
59978
59278
51070
42252
7895
32260
50321
3291
41880
49887
11774
50540
8864
21186
20141
22062
53809
6280
44332
62326
25503
54052
11303
36256
204
57441
54969
2647
37755
42992
37444
59165
52678
14204
56804
33807
38222
59033
650
43224
12994
52723
61055
42475
10229
7041
45718
61747
36542
7949
44582
58775
58613
22759
56695
20257
23855
58057
-1
56654
13663
31258
57357
36493
50398
5558
59948
32367
13374
52772
9437
64709
52560
9282
55119
35428
14805
2760
51203
61026
51214
19129
32
1409
6796
24854
22282
24285
49672
63609
11041
11799
50325
57103
20166
58035
16732
13885
60005
38208
33516
34052
46919
47966
28941
23374
48236
35488
53025
40195
37582
11180
37154
55737
26939
58618
63527
50196
17783
33261
4565
27408
24845
24546
50894
1383
55414
45280
39849
31384
29374
1191
19562
10499
13503
2601
59096
14142
2138
11619
42054
7986
6428
43897
31270
47041
57824
19354
5222
18337
40018
17683
46625
27762
20928
20357
9517
34048
28453
30754
57796
12894
37547
52405
11301
38006
832
19885
24197
11391
13561
44000
49866
42920
16465
27406
26759
7364
40909
22276
45708
42664
2291
2408
22549
53055
10669
-1
23091
34218
5274
24188
45276
17877
57131
24280
18928
16161
32448
3545
34535
51265
24674
24892
2687
50284
1499
47752
55671
24930
29456
18077
53329
36732
13447
58406
579
6773
22016
38773
26253
46235
34265
22709
43257
12249
41991
55606
25570
39667
20234
17130
13363
3722
44865
39792
10905
57741
30190
10078
34951
8688
57165
43521
20637
21914
23182
44442
48707
27481
33427
56327
4193
23109
36486
54960
2651
2293
61713
18078
58856
50725
40843
30577
54609
13579
12041
44300
14897
48974
45030
61013
2960
15781
11736
7207
6023
2609
56948
54198
29389
33674
45290
33338
46228
45978
35602
51812
57816
1872
33734
50113
49414
16621
794
11231
40590
52533
7727
34603
58421
39929
54337
48339
18108
42898
30851
4216
53104
4612
62922
29714
48621
6001
286
65225
-1
26114
1300
3064
14984
54031
52827
49382
35068
1871
2117
29383
53415
44587
15192
61287
26282
29522
31792
35981
60989
44131
46596
64192
52830
40965
45524
49533
60231
35448
2497
7388
38180
63780
20807
55146
61567
41420
56727
39709
29572
36737
1960
17650
25992
40147
22537
62097
4718
16381
19622
17098
23123
44326
21294
36209
60736
44637
27476
28363
24109
15586
21487
9617
62946
56514
62704
32648
28134
46608
5998
39437
34513
33860
3809
30855
32800
1594
51018
37758
37425
19892
49323
21640
50875
9042
51717
35064
16754
37806
15421
28010
51511
64673
2626
22723
33069
55189
27473
4644
51784
41826
13060
53430
20297
51413
50448
42397
45129
62675
19926
29775
24652
8248
27815
33704
16369
27670
42408
35671
46495
18150
17256
57515
60550
41718
39169
39779
34624
-1
52396
39374
13014
31938
35405
15583
1520
18372
36380
6806
5751
54154
52610
59892
39491
43082
3514
62055
57568
35053
8702
1173
48821
62416
26680
60425
43881
6740
31544
24456
35420
33695
47455
26567
4152
18050
61766
11438
22584
59114
44806
3081
9205
12032
43511
54319
47251
14269
15920
48397
2119
50644
47304
11525
5107
4756
56710
41583
10172
31672
46123
18648
23527
11046
5960
52771
53860
7973
33334
13312
52167
9135
52437
32102
10316
54500
18947
54457
38402
18147
23556
45003
29203
27342
29124
61023
57883
45229
12021
12393
17858
6095
17190
40835
15192
5413
21202
46290
53491
40113
44679
54312
52146
25443
30373
42283
38601
16760
12424
7767
8754
52669
56528
11559
38511
59640
38364
43832
16783
35555
29316
12678
38700
21386
45358
50965
56326
15947
-1
28518
14978
45926
20264
46385
63548
3639
28105
52571
52588
30009
15850
24868
53971
19409
36805
9213
81
53264
15983
44977
47772
28324
12994
17881
60657
56554
20393
9197
55167
65450
12867
12770
19391
52523
3521
32084
59015
1156
62038
58277
57488
61893
39158
5995
45757
12736
63454
7043
12381
11527
21644
4970
37804
59777
15735
21862
16095
7845
3474
32532
47224
19609
9520
44537
22809
49104
33518
40501
11001
23530
26571
42631
33289
29904
31603
6250
24667
45355
46272
38695
54682
57363
33732
9946
19455
12447
47504
54423
15258
14299
24826
65299
50406
9748
34915
27383
37758
21835
36214
48695
50621
23261
33861
35611
13234
6984
13103
37413
47803
55289
37795
61801
32077
24016
53786
5679
57736
15723
54528
32084
58971
23738
744
45227
13930
5088
29166
-1
27138
59209
34968
51987
51878
3871
21813
24208
64435
8092
31243
42550
1934
37146
27816
41654
29883
54638
27184
40502
15983
16934
59569
781
26916
41638
10601
51081
5633
10201
23930
4010
6624
2269
51287
18450
59866
15225
54908
4568
14694
39586
47783
32402
54144
1999
60834
41488
63293
19975
35854
2894
44510
1115
16617
59347
40128
51352
21094
35726
2781
36304
11529
4329
24524
44073
4804
62119
55277
38659
39475
20961
9823
27652
58008
24382
17212
39660
19863
163
25227
42033
3364
5224
53072
10143
19335
25011
40225
54638
30225
44793
54456
60110
42869
62385
20728
17554
25264
61578
41537
38209
27254
17111
37444
38427
51727
45592
54130
44846
17882
55359
12382
33907
24006
50663
48304
9976
60924
17194
30981
22912
26668
7557
35902
7237
29050
39780
-1
61999
27051
24530
49767
5897
42283
57574
26653
34435
54688
12229
25868
14886
19876
37148
624
36837
20509
48690
49686
56771
16496
29201
8600
52804
49264
37568
42833
57476
43575
1769
604
42526
27886
15319
64092
12788
56221
31638
50188
26236
56638
29213
18421
32561
13654
43641
43318
51956
23068
63074
9211
16458
54429
61784
60781
26234
4771
37090
17863
25235
56188
46828
26298
47586
60098
39837
40598
36335
21721
34868
2949
29532
52758
47565
11124
28899
10223
15561
3202
27082
48265
7283
48629
38040
14441
59545
53458
27170
29300
54960
29198
22092
11891
26637
33582
37427
41091
11889
18791
51059
6547
38306
62999
61797
8774
10478
55581
8484
34978
47541
767
24901
23309
55440
52644
64465
33760
20535
7560
63849
21814
55661
50812
9928
50183
22065
41046
-1
33154
11483
47806
19634
41366
53917
48708
41980
63991
26933
18773
23197
2874
10799
11322
55852
53996
29790
29927
62229
64626
38207
61957
33660
41146
12370
12310
19507
56951
62849
35995
61755
65024
44268
13925
4976
12879
513
56227
2087
19675
6450
1158
26572
24261
53670
19953
39050
63732
26747
3146
37761
36552
25778
22711
9164
38152
32788
43930
8891
19448
8641
8502
14257
13039
38412
33884
62275
62257
27942
36302
25025
11658
60193
6846
32009
4464
62187
9119
28698
58034
33046
1870
44430
64985
21601
28335
18107
56528
41824
6935
40100
60919
50957
61167
55806
57532
19000
11941
54966
7637
3248
27902
15355
40078
40562
38334
52889
50927
23274
3912
60185
27678
22756
44515
48398
42824
60822
40875
65458
15974
45652
50483
55494
36676
42042
62359
4456
-1
62550
61534
40840
24893
45212
42852
46635
58722
9230
16504
14935
8083
42694
9076
20798
31733
51477
21293
5109
10242
48422
60563
23082
13840
44710
23461
36334
13505
20821
47327
35442
17491
25390
24253
62452
13521
29391
16400
4302
53155
8898
34307
18820
55280
29395
41356
10181
35718
16159
55581
55939
31174
51251
64033
61051
59128
44283
31308
37795
50938
13536
63010
64639
9874
39973
14969
4931
8944
14884
15650
16599
45260
52400
37322
43445
7261
40899
40771
18924
31839
26615
28584
28028
3003
1822
16200
41742
45861
20486
41070
39732
309
19874
60322
22500
46968
21124
31457
37897
25453
63978
46259
45288
47390
12892
17345
29994
55772
61447
40269
54836
23381
21025
48539
20806
324
23056
56288
55319
12292
46789
36750
47985
52938
47268
32614
41872
8347
-1
24634
9287
43167
14346
41790
8307
6368
53219
3185
22650
60391
29901
22484
12460
21644
19900
19586
48946
33816
24256
49291
35727
16575
64239
10814
22961
14540
38031
57550
19758
30650
44778
47878
9578
28437
39836
48192
38104
31258
24603
42206
39065
21157
9743
24499
6075
13735
44496
15517
14426
41229
64576
30570
59238
23592
57575
12702
51739
41146
43489
61247
41342
36068
10286
22181
34712
25487
51388
31690
45077
18029
18333
36366
25170
39679
46918
29633
45088
3704
58581
39895
26526
28777
44282
49225
9339
57220
56266
17843
14633
46418
32439
41689
19399
58016
39613
45490
3394
21194
48553
12025
6664
14923
45828
41602
60559
806
68
35561
40074
51423
62344
15929
2749
46659
16963
42039
3514
23275
47826
54560
52395
31974
53431
1075
64271
60970
28871
-1
39975
62798
11317
12600
1502
17290
65037
12038
28525
14148
3985
61911
50704
60162
38468
46711
50571
53134
47913
61149
3551
2228
23832
64267
19707
50365
34710
32824
23466
5680
17743
47204
59843
7673
24941
3500
35383
33798
38104
9357
47116
32369
23353
40122
7313
58694
55596
47619
29116
29413
22126
21397
25950
24161
41012
35107
1655
37381
22826
48478
32179
13703
49534
9612
26059
44549
9052
61108
786
18482
55116
62042
29688
13856
22250
8988
28200
53455
62691
31236
58200
16035
40897
63475
55063
48060
15673
36155
3021
43202
1489
14756
13454
6886
13904
2794
9358
38727
9428
19177
56985
64550
4460
16004
16069
25058
58861
65037
3964
59758
10302
17833
49452
24779
11333
61758
51235
62404
59947
13573
39472
16578
35846
63318
13649
58854
14713
33548
-1
47358
4457
62654
58329
31880
55591
41483
9120
27148
30343
9211
53196
8465
60223
24552
7643
53835
10858
30852
39240
45926
63455
9969
2846
7636
9400
49600
10493
63326
4382
53207
49054
1845
33268
41073
33040
56687
36269
114
61170
10092
48210
33428
19817
56065
22213
9359
39215
28257
48793
28709
33876
56481
4808
44828
54148
48939
36817
32097
17817
44996
28967
27048
25114
37560
33361
32060
10976
44778
10085
8702
15103
49063
2619
37778
55146
33323
7674
32156
55410
11136
30409
1449
49184
5962
2932
15271
14063
16280
42334
43442
58848
38348
28480
53631
52278
26331
58424
19716
40303
46037
30605
49279
43103
23604
37860
24927
48661
5983
19050
34886
34664
60889
44204
43135
25013
1269
24221
26637
33524
31190
20735
11595
3454
65534
24609
31981
22293
-1
58245
7376
41028
44494
61967
62817
48257
55961
9443
39268
33409
2190
50829
64995
10796
25471
14561
5476
47837
6873
8193
3825
60162
57191
41549
58841
49625
18154
24843
20888
61702
50171
5852
64162
51180
17798
57533
51528
57736
33969
10264
22785
34261
52278
65220
25082
39598
58199
43124
29201
60942
59196
9801
6039
30783
59109
58519
27853
25602
56154
25650
7834
18977
55424
22711
56591
31596
37550
603
32670
36105
13716
7325
4644
48004
6044
38371
14262
54572
3928
59636
49363
55530
28367
33640
22678
2515
41328
277
29840
11309
3054
29896
7464
8836
46526
40811
1249
64342
53922
49051
17003
41155
20522
36012
32408
19149
9234
14472
58781
23693
16560
48846
13133
11904
26912
1033
56746
10181
31231
2654
441
46932
10109
55541
46221
23949
3910
-1
15619
43555
54685
38037
6083
59697
27033
44984
3413
22203
31827
62169
52263
10118
10477
51214
16138
43911
10652
22394
3813
40825
52758
51738
10228
39078
12874
50426
5159
62557
13069
1347
15448
51408
39960
37389
39323
60987
56306
7329
4157
44642
31675
33029
51342
61144
21591
10935
18075
60579
1314
60382
42832
50412
36787
21726
39620
8930
11184
12304
39905
2500
38168
43844
53882
38224
59522
3249
3425
44885
30146
38868
43643
13001
35742
3019
33080
20243
18082
58373
41343
13808
18862
6131
52533
62421
33982
50936
59595
26284
15012
10277
2726
13891
55025
9428
21045
65394
63719
35013
2198
15281
41848
36647
36372
3753
31058
3456
26685
6518
34079
17716
57308
34837
60993
25189
3836
30952
295
49103
3797
6490
51586
42048
12981
25348
36341
7701
-1
30159
48406
4806
28367
32172
58418
46441
13294
26635
52121
16419
41417
16363
44546
13844
58538
22248
48074
29356
65466
8433
24117
24200
50392
60886
58041
36005
9658
16633
45794
44423
15853
32176
413
62895
60982
13815
44510
28544
41793
14936
54629
26984
11219
3343
38975
33136
45245
57966
23100
27868
25668
43337
10428
505
2899
1663
17452
56409
44440
55354
7933
47833
43268
13736
54517
51780
33943
32104
16982
41965
57116
37950
56605
7732
36328
22264
30361
9089
51983
26665
52745
54228
17273
38252
1123
20608
51923
56296
25907
50841
2608
63016
60387
29163
64581
59258
37226
62230
47292
40006
56728
41917
62944
58117
41569
17471
1055
2466
59559
57031
3886
47322
25443
44068
10111
6304
63180
32532
13638
13539
65107
35744
22847
9359
18297
36810
38801
-1
60440
28156
31727
15855
62097
17997
63962
55501
6619
55795
11697
53810
63576
45321
5596
47675
15324
20243
57595
32980
59947
142
31243
46570
35185
21415
23912
25416
32208
29289
61955
33468
34578
36847
64052
60014
11598
29353
8954
3458
8855
28648
24534
52108
16643
19849
65276
3749
32458
52713
22423
38546
26981
43955
30933
54419
57391
4145
20151
42420
8434
8824
29505
62650
32736
48979
31536
50303
35979
7875
47265
19199
60336
26707
43248
32193
8933
4093
30936
39199
18147
61233
62664
7080
4809
11594
36357
46048
39707
20144
42442
6624
8097
3104
41389
20210
41443
56809
50592
40813
30458
23989
58970
28114
21110
15193
51648
2491
62103
50847
59532
24937
38911
61674
31141
15296
51106
41027
59049
35781
34371
60353
1214
37115
28427
25238
6361
39178
-1
32726
50321
6379
49
50479
40601
9406
55900
63389
61145
57289
35294
23390
63063
7908
57334
29
63856
15823
38211
13234
21138
13355
20592
53447
58358
30277
18781
7057
45600
40380
16187
7999
35827
28415
32648
34967
4336
48424
42749
46090
46800
8838
56171
47761
18212
45821
17227
38650
51246
21942
15865
46188
13214
674
4067
9458
20794
52626
12925
32581
45951
36968
64777
39149
22179
4640
65133
17444
14360
20333
60841
5770
4554
28433
27728
45751
49748
28596
12865
59443
17218
23687
7423
23841
52382
39486
50518
17278
2128
18274
16774
14187
4122
31885
21763
56318
40904
1446
13105
25669
39917
30050
3435
42398
1417
160
54121
55177
23013
48067
45912
5119
24341
18277
16039
52183
11564
53373
50944
64105
41189
27466
48993
22769
55424
45890
920
-1
28964
26803
25664
52332
39365
34830
39229
43145
57306
3226
15616
28554
496
61486
22556
62104
53266
39118
100
4392
15807
61248
16694
42083
35504
30184
40311
52384
55471
62688
15381
52941
25304
51170
4145
58470
4166
9803
4859
41169
47418
61116
28023
52025
48657
6830
39823
61481
48870
37395
15871
22318
15019
29742
40905
14592
9480
55654
19646
48968
47833
14460
60705
31433
397
10711
30996
42604
2805
65475
57711
29549
41107
42412
22876
5340
50893
36631
30184
44806
8052
21278
21086
19613
42164
42251
34084
6690
55991
20072
45829
27554
28633
49311
15302
12930
26906
19519
53089
29011
64255
56714
45846
625
9392
51347
34857
33209
62790
446
25010
60183
21017
44028
59571
60379
22284
20033
46916
58982
29370
16464
29773
18736
3115
57577
54982
7677
-1
39515
31757
50109
47298
35039
22407
20564
51567
43046
59041
60190
37902
24740
28127
40739
42603
34369
30525
10455
65195
37465
2807
30618
31588
39383
48030
51455
51839
9408
6675
53648
54918
54232
48619
29696
18257
40106
28688
53980
6777
57393
45824
31819
37475
23982
45979
36013
60644
9420
49245
3013
57535
18511
50654
40019
9384
1619
41093
54488
25437
16137
47704
62527
14982
61371
8258
43637
6399
24120
31812
18446
26943
29006
23692
38621
20530
56347
1148
19616
43326
39451
34208
19442
50981
39645
32725
53896
54166
9807
34942
30677
45423
27411
45141
43551
53686
18033
59905
59555
55806
14350
7715
65209
11342
44719
61749
60001
62777
17006
10420
51215
1460
23946
8973
35649
29036
25933
56567
45324
44836
13595
5861
63013
55553
45638
4176
37702
27158
-1
57023
25027
42343
60023
16490
28365
41336
39088
5958
7015
19063
49585
9280
61211
50312
60679
43848
25161
35137
19891
8061
53558
10753
24386
47285
58375
43552
50254
32345
61816
16513
831
32675
56210
29070
27051
62169
18913
56922
5108
15669
13315
29371
16916
36904
12516
38099
7968
45627
34426
8547
12439
17008
49153
28109
341
22156
63821
53545
5025
25160
5564
58549
4055
13340
21629
11934
50758
10583
16404
35380
10308
50654
2456
11931
53154
42357
61333
42338
10844
53996
3979
19440
27265
9755
64560
11948
45580
1029
1556
56321
32858
47111
1586
34576
31826
5947
45173
19420
40353
61264
34257
2233
41016
49262
54583
17676
15382
7885
71
29387
50381
31582
21458
63805
37563
6949
7828
24369
22250
52857
19641
49810
31147
6249
58695
59605
2576
-1
46977
23349
15348
34144
55170
1482
48667
9821
5578
21590
39325
47551
54107
57418
39889
8404
54429
25748
48569
29750
58654
4996
57287
6601
30027
52821
57044
28113
7771
27093
56969
42516
11376
63476
65181
56730
37595
29583
54729
27621
7312
62034
24891
44617
47509
33773
24464
5996
47656
1668
19792
41665
17643
11014
57554
7829
28365
39621
23967
39548
60335
42134
61261
28981
2887
36604
18451
851
37147
11236
53055
61684
15164
38109
13866
35459
26887
30231
23446
39121
46857
21724
2403
46903
12110
62044
13659
16773
7833
30638
40746
33919
19769
49804
54118
39207
36046
41454
32909
2490
10265
7195
2900
51846
50641
30442
28495
29064
42461
60864
37909
33149
43510
45764
64134
1390
59562
5016
20593
37857
46763
16810
4452
17158
44823
57064
2283
15822
-1
21535
21065
61347
16948
33264
60992
62294
16193
55031
62609
15583
42704
62190
11151
14349
5663
7406
49395
15947
35477
27157
22066
30729
59671
23446
2816
3711
59036
21419
31866
57766
38388
8547
12528
4333
3605
65438
14531
21092
16801
53442
639
50220
24674
10613
16134
7157
6470
7084
47333
34029
43359
26065
18780
22114
59706
353
53764
54040
42547
39775
37703
45272
32465
36692
46145
7388
16160
8943
31861
8921
35925
19810
39511
31922
14091
24333
36607
54674
28137
55148
17338
35758
10734
49849
65272
55520
26216
29298
45658
32249
25745
28132
25916
47366
24682
53911
36805
41295
941
51659
48500
14896
14849
26400
14553
4076
28023
39976
40957
32296
60805
20059
56955
40133
50303
10177
19983
31469
24724
36784
25228
48228
10613
62083
30118
20878
25829
-1
49719
4799
63164
33420
23122
11421
144
22773
8155
19987
29316
53759
10656
34926
53608
55821
16827
21062
54768
16272
32897
59620
58663
8587
8011
38270
2276
8026
18288
38351
52722
3738
54804
2253
23653
39362
27427
15251
29032
50553
64379
53917
42246
39907
47215
52789
26940
43089
53572
52100
24350
36297
4592
35424
60896
26371
60777
29802
51600
24625
1690
29110
31513
54459
51590
23196
37371
35954
29513
6696
40714
34159
33621
5366
45377
48140
56644
57714
31606
9473
43370
59425
33559
57571
33359
13574
24250
3940
52035
59913
46289
12821
65261
35051
2952
22667
759
63838
25762
55135
12362
53315
42317
15060
13029
24779
60353
61504
50300
63272
62203
42163
41333
43409
4002
30126
63886
24663
62012
32484
33185
21632
51235
2920
54158
41393
20499
48908
-1
51569
49285
5575
18448
24511
29569
30649
44339
56537
47635
40082
23444
12474
52423
51039
47298
10628
53653
50703
57801
60042
41294
59459
18476
43648
34555
51636
27922
58211
3112
20921
18610
64870
17678
65416
14374
62453
52159
38839
45448
24991
24132
65144
62732
61197
39747
4642
21848
9141
62459
12298
10177
31608
3297
56607
10292
49021
24731
9334
38175
32938
45423
2603
11490
11707
36446
32531
40585
46500
29337
60065
51310
10850
39509
60116
21361
38582
9132
30203
11372
30334
53445
7208
6530
42285
40419
52441
30675
26727
2746
46281
23382
50649
20615
34199
13216
55564
26495
13306
17784
34575
27437
47311
2786
60937
43377
20434
42784
34940
30949
64145
47932
28954
62035
16424
53304
57857
12660
19251
5079
14703
40162
47413
45609
25881
53142
3171
14766
-1
28218
36525
58908
26284
6892
49505
15096
27572
49574
13853
51117
24856
18740
63154
60640
44001
63492
19902
53095
48129
59918
48368
64457
60380
8099
22137
34255
1938
42109
10828
11009
46148
16230
35378
47615
15528
62778
32903
9911
24579
23633
8568
19407
22101
59540
3274
62500
57304
10227
41416
30959
17979
6234
37872
55260
27650
19805
4242
31204
37743
26790
11568
45055
28611
48832
27131
50993
9807
64664
8501
39649
21611
28130
45539
8480
25534
33364
62102
14656
64685
58230
63735
28283
17137
34203
337
31433
33804
26800
57441
1028
16743
23864
20370
39005
7289
53418
19472
62424
61882
57266
50331
50811
21340
39282
36570
21657
45675
13688
27992
33422
5529
48313
61427
24160
58520
39285
65369
40161
20314
33970
4692
27704
28500
31675
63780
61706
26440
-1
32269
21730
23314
37826
30001
3012
54283
54412
45998
2170
35784
34805
22834
8882
14256
19222
21279
35920
19095
56726
16209
45629
21373
64910
42453
10315
60135
50124
28264
32846
15092
32922
52736
59026
38506
60487
38358
23160
18611
36259
40899
42630
18413
3733
57767
3107
315
39135
27032
43580
29759
7219
22540
315
57574
9533
52006
64311
18201
30562
24457
9894
35575
8632
42366
63113
50452
26976
42123
14626
46263
37347
36360
65000
49637
22518
44149
24885
45977
13435
63723
42703
40921
12978
14148
11668
24378
51867
52612
40189
246
48080
8798
62074
6571
13111
5742
15589
56614
43680
47702
33173
61653
56052
48181
38264
38718
25219
52522
20128
24553
65465
22766
61553
12895
34154
38489
50686
36632
48099
65077
976
61392
50080
44574
13427
44515
29425
-1
59388
14276
63631
24584
29375
16313
27852
28755
2140
24555
20228
1724
57958
1008
50764
11813
7003
27907
60279
7196
12485
2044
36944
5774
57857
39038
16373
16366
61594
53030
15638
14708
8302
29152
47381
44760
18740
34636
62468
3453
56023
5875
29149
35359
16368
32283
51614
26918
60878
24268
44719
31920
20213
41814
49858
55257
161
1818
57902
15121
13254
47834
12062
15214
57924
6698
28557
4982
44350
35575
53451
9660
32920
54611
64068
34160
42708
16965
42842
17901
55595
21073
19189
43391
31824
35057
64203
7081
52941
45319
58667
26223
43820
30677
61549
3083
4074
19818
448
37329
16589
29823
4078
45395
5368
29743
37760
60495
10109
43791
52929
48713
28066
41828
50093
65020
16714
51063
19966
1985
18681
63097
28758
56506
25597
30637
55481
28028
-1
18157
19090
3396
37831
5935
36228
24993
63732
8070
23171
11134
63823
50695
1934
28006
49083
35827
51473
28797
14214
6267
48057
2386
17715
35697
58601
42454
38197
22978
54362
31109
31047
24129
60356
17692
11461
60619
14260
37790
44325
24647
33263
43183
12074
39662
7756
5309
11475
19047
53347
59558
31424
19122
3166
33009
15871
6450
29561
32681
19324
61184
58705
63692
53215
23132
57130
61109
42096
33090
31941
46109
39021
51329
63985
24101
23637
49312
33864
22555
23755
61076
49568
52447
65158
8188
60813
45633
42860
47922
45339
9408
52390
28212
14326
14978
26729
18737
3841
15560
40172
50439
52580
3075
6303
63931
20445
57469
17124
19837
37206
56049
39217
38729
35387
47448
53122
4384
12800
43980
49594
492
57130
20544
55888
4205
11372
37898
58284
-1
5215
27587
58173
1077
20556
38288
10193
44127
3441
21287
51557
37944
47910
33008
38144
23166
26708
8757
36073
24367
47702
61591
21217
59702
63937
37828
48332
26830
616
52966
26374
43461
12744
10560
24622
57931
40676
12870
4256
63643
43352
11439
22446
48324
21867
2136
11119
35840
13825
24707
21499
42015
54003
10525
49658
47684
3399
25872
16438
45618
58509
2417
38844
7172
23453
4274
26414
31382
31528
9254
45893
28598
22269
50349
20919
5420
15562
41619
15755
44198
24105
63272
56714
47760
11156
51284
528
308
34045
10764
60651
47706
16654
3299
30331
13253
7704
40041
9333
36800
18422
9838
15583
50392
49547
54033
28082
4562
21565
46611
49703
46201
13354
42921
33158
36839
9681
54796
28209
9541
35507
18216
44772
2827
2700
26673
55391
55524
-1
55392
26373
48034
4879
6697
27976
37226
33415
56208
49908
34486
28415
40690
1438
21767
27250
9097
65126
33567
9985
24582
40472
14815
44375
17673
23694
64770
3113
55970
3853
53194
14506
19334
58930
3146
5347
22854
30653
15113
36344
17709
54890
40433
60792
18922
18362
50096
23192
3568
45777
60955
39157
15340
45200
42370
48195
64309
2800
53590
8746
17901
29045
64151
15241
14820
62992
47424
14886
53138
61503
13209
39500
48839
40452
58485
47325
60117
42415
36703
51293
60762
36291
57703
64429
34685
17068
45757
33058
51911
26527
30955
39854
48335
53228
60458
11631
32642
45164
31925
21608
37831
32282
56939
50627
14547
36387
16144
31124
46671
6589
3509
42679
16395
51020
48290
26107
20611
42680
64818
35181
36683
7066
35974
41732
62317
38560
37881
48265
-1
24194
30477
18550
52034
19724
63808
19135
16498
64095
61261
56475
51914
31975
49604
16139
42085
63705
27176
39825
31251
63621
5555
24123
65524
49196
25075
15535
31062
63035
330
5039
5787
35631
29760
28372
20700
22683
8426
55924
62765
31828
46114
34806
24750
9054
52277
50647
14577
30492
37739
61013
31632
2326
25902
57022
7639
53704
8111
42023
6299
15066
8193
31466
25230
18095
9007
37249
44639
21286
18322
35816
64922
12352
15253
59922
14691
9035
15300
36965
12506
15281
50187
42203
55570
39721
63144
13315
31149
20975
12189
44391
11019
18961
53762
63804
15874
57619
30362
7531
56148
24747
10207
8819
62192
51367
63652
42907
13667
3576
40425
62737
37667
61166
39191
19543
16473
51632
63950
42196
27594
38628
61224
30692
38437
17517
64130
64084
34345
-1
18800
57460
463
7703
7598
64820
28324
1828
6230
15004
62688
1252
24461
35795
54237
54829
39682
65309
8641
16235
32194
22340
30006
37879
38164
62339
6189
35030
33253
20231
2954
40067
29437
19011
56675
19754
12787
25781
1541
41982
16385
19946
18829
36993
42562
56974
43466
23249
29645
34833
61850
19385
2036
39954
62364
59209
64934
36260
7142
7735
18175
36367
35668
58084
6165
55412
31798
53730
44005
39135
23470
61011
61229
10021
17795
19357
46140
47495
50880
14557
9291
64023
12215
62403
51996
26665
21287
1894
44301
44432
12761
44386
46856
22430
7103
37358
43210
28264
3329
40558
26450
60789
52970
224
21425
33724
28142
22277
270
5174
33728
34329
26783
41916
65247
14762
35794
48074
41637
35275
21560
65083
48588
21048
61875
62214
2487
50606
-1
5143
1847
8794
24887
45474
3616
11102
26575
48545
7680
52700
15814
32734
26685
46928
34164
48892
63909
9781
14026
55629
5734
18642
9483
42356
50933
18381
21858
27106
63000
51170
64339
44636
15205
11696
24586
54611
61672
33566
9379
520
41074
26039
5807
38888
42546
21163
57732
36419
17944
7042
49685
24320
34078
62568
36709
19719
61652
52776
27317
38789
29545
25615
39735
47832
34467
23525
43264
36290
65102
6318
10511
23559
63414
63230
58204
14603
34840
24171
4195
14146
56623
37142
38995
60779
57382
27838
484
32888
34929
30951
34549
56656
1484
5510
29223
15573
8123
34793
55893
4662
52938
53222
42436
33875
7732
58808
59472
33670
55194
28776
52383
54562
23951
49169
31423
8956
30946
56042
9670
39792
60603
8842
54298
23725
9843
45096
60907
-1
37102
4202
47556
17203
34818
37929
24144
51737
16568
35377
431
55334
15173
23591
18077
17354
30058
47260
38459
17471
58753
6723
34926
64225
29720
58873
52147
41461
48858
49867
22222
5312
60253
36689
40358
4489
34199
39895
37809
46789
11993
4611
17476
63203
20247
15491
64587
480
31182
19947
19158
10838
5420
48267
3547
56891
13191
10079
47592
35422
36944
62155
20534
40981
50854
8019
38311
62913
30598
40808
2095
54251
15996
57126
23597
53498
54137
11051
23657
61589
21057
38884
31104
14219
31325
59981
43033
55716
57
24253
65019
61085
62440
4906
39498
22556
30638
31720
52859
63711
60209
7335
52118
48574
16766
50229
17246
15435
8890
48897
58899
45473
42626
14985
26917
23829
54122
19918
36430
35946
40034
52481
51565
14870
31995
2655
3958
65414
-1
24101
64876
22946
4648
15335
24557
37450
4963
54307
63642
33856
5125
33469
38607
5703
22332
59134
60695
45408
35325
19926
29150
25275
22459
24072
51146
3999
44256
44647
9415
48691
30689
35022
39690
57604
41331
23365
63091
49115
20132
23264
65169
40307
23152
52595
28429
35788
3091
48572
14974
14700
39860
58502
2003
20683
9221
1361
43579
50177
24911
24488
24669
8671
56025
14459
63189
47101
49055
21760
50321
9026
35801
44098
4583
6174
36337
38598
62133
30390
18234
61286
19767
57481
10566
58829
3454
56187
1696
31567
23394
38327
21448
43303
13453
50435
21269
5895
18054
14172
39081
28413
22906
63813
40920
64617
1254
13320
54870
31021
61468
9776
62207
42796
22394
19312
19106
38709
39198
15735
7060
54388
30035
63102
9071
16545
21467
32511
15356
-1
7233
58914
27973
36436
3347
54810
62391
46504
8701
55986
52425
44870
49599
41608
50842
36419
16196
38570
32611
45805
39970
11057
49798
963
40435
34802
18654
63865
28219
643
64854
49330
50113
41286
7185
58743
1683
990
57576
36100
59144
54128
3990
51407
2862
65529
36497
24808
22654
23964
19045
54854
64826
30426
6910
46211
59660
46305
5717
22570
44267
45566
54298
55329
21236
24722
9585
8616
41747
57805
48524
28670
37602
63680
5276
21524
27284
40723
19585
57379
7584
13494
50553
4886
31702
56036
33837
27621
12039
55315
28531
42203
57085
20153
10270
64853
19574
60097
28757
25675
46907
14874
63966
29208
40800
28212
48161
13764
60601
17059
10549
36726
53852
27764
638
52197
50491
8565
26527
12410
21664
56767
11416
29989
11941
40200
8015
42774
-1
6314
38044
56513
29977
40206
58855
12684
35689
22061
34569
26354
28816
50538
62214
38813
31061
61072
44132
63720
4797
23678
23805
6817
13930
5200
47323
2847
61143
46236
9087
39006
27299
48779
13116
26046
37785
5147
15443
46580
1615
15414
13253
56700
8564
2406
59850
65253
42341
25639
38068
25992
4371
1683
3126
22516
14319
59798
36387
62776
23994
33996
34663
11765
35896
54934
20232
2854
465
2172
1237
12590
60097
31891
1786
54198
82
19827
27652
36054
4254
10144
45104
3562
12000
53668
11872
42491
46723
47500
48500
6973
21954
65202
46386
60279
27541
24389
52924
2814
29496
46217
972
40666
8639
36048
40395
26458
26189
58398
13887
17804
21388
10531
57605
25486
39495
36157
49198
34584
48033
11574
47786
4616
2669
62393
57117
21954
58995
-1
42741
39886
10103
6547
5432
42612
3502
54768
53569
16827
27316
26740
27286
54983
38678
42
60647
15050
9086
50182
31052
34703
2494
25682
4743
61472
7250
63989
55834
39407
17038
52157
7073
18339
42970
24158
10125
50992
22052
38272
27449
9135
43095
5285
34770
19744
5620
29155
20706
31963
6981
29946
4919
38225
55720
49942
43233
11567
50582
45610
4972
46303
44322
50941
1650
17148
57105
25814
34441
39094
24930
12843
52126
52737
42581
37679
4456
12131
5746
54500
52313
43471
59529
56038
32450
56546
47087
62035
23837
35999
24472
30862
17456
16622
53805
33239
53367
17617
11017
17558
32050
41516
2154
35329
54730
24525
42010
19862
26938
46873
2471
45204
34786
16891
60582
59670
4317
41907
63703
64145
11630
7191
18932
21984
64961
18376
18285
27642
-1
43770
40400
2561
47414
48030
32653
43621
26906
58854
5538
44216
49225
31064
34516
37605
48932
47751
2957
36186
28359
61789
14331
62486
34025
36291
64909
8749
8892
3452
36553
6156
60436
35878
31745
48214
48123
45795
37979
50915
24630
44663
48459
55268
16994
27142
54944
5980
42575
17216
59716
19222
19509
55165
14997
10863
31342
10146
7719
2662
3959
39773
45073
53201
46366
52563
15570
12335
34290
19195
31331
60507
33189
42800
60415
19098
59105
49275
10941
18000
26279
43734
60745
57699
46611
12851
64802
42540
9343
6647
25243
844
12236
44880
38184
34984
44366
57611
23913
21931
63003
5022
14054
56457
59702
26269
25794
25286
28254
65476
27412
5531
37666
5267
37129
62088
45604
37040
63362
62729
42429
60018
2311
39669
1362
42301
2030
25915
36061
-1
8059
37396
31778
19370
53494
13755
57052
796
37510
51909
18331
24561
3376
27557
30647
38673
52950
41376
47310
14728
29522
232
14830
42745
15544
3416
51482
49524
3099
34313
14308
60229
55037
15315
55149
33864
53900
60267
38076
51799
26758
58447
18564
46965
4558
54364
51709
33795
10513
20597
55501
61448
35818
1107
18911
20908
21389
38396
53152
42859
19009
27389
25036
44317
19455
55888
65352
30309
31004
55402
60161
33480
50129
8684
56553
24298
16005
17587
1690
18318
53988
50256
2253
65031
17656
23290
57489
33508
29731
55294
32735
13388
64977
1095
21441
65390
48825
28628
61471
35836
59332
41934
51483
15527
36577
33357
37000
46860
28797
29748
55669
52943
58976
61609
54511
49516
57235
33094
17239
31865
63320
60853
54910
65501
52461
843
10553
59377
-1
55525
25820
11488
8711
9585
44726
50894
46257
2403
33205
55750
65452
13817
8356
27164
15260
32979
37279
26034
35548
55143
15765
18418
32984
36009
10960
2131
89
8218
25481
49483
40373
4885
31688
40807
20399
39435
12727
18148
31586
37431
20003
13870
41722
4825
45696
28447
47786
63961
38178
41092
38218
10958
13467
35936
65461
3945
5621
29649
8580
50593
4340
40489
37492
2063
11507
806
40090
10120
25592
35253
54255
51591
32250
52659
52153
3536
62339
3391
36904
36922
19959
30182
12743
24129
28893
40459
65424
57501
8656
57526
20000
41919
5372
35890
58153
42308
33674
63417
58266
54848
8191
2763
813
18965
13985
52672
1579
5177
31635
6215
57416
6947
25235
48728
9479
61379
30366
40785
44009
39276
19167
16151
59809
14016
53858
60079
27274
-1
53215
14518
12753
54285
49342
20357
7423
24367
25509
17475
47218
63328
44864
5714
54430
33317
18123
47281
61493
29226
12631
1476
12182
23476
7971
32511
12198
45409
39669
17002
31247
53329
1096
48595
25741
205
7381
56402
45527
23561
41326
24542
53672
63744
6247
63569
51821
1892
15799
42269
49395
10328
21858
4071
54124
39331
10962
57271
47387
43333
11453
42080
59123
20296
42312
43816
10362
11589
15217
28854
40452
47019
27029
9580
23674
38355
62760
4405
27765
52408
41290
37598
38427
38844
53691
45067
23795
35434
55412
39367
55923
39514
1578
1778
27449
62835
27342
8887
29446
9509
11312
37074
4531
35261
65127
41758
55250
20727
28478
54791
17502
8338
23956
16623
33735
45349
10111
45840
43144
49445
57643
36356
38394
14921
10980
53257
43256
22205
-1
2787
26419
48110
25166
18872
55536
5242
41512
11733
35786
64903
28243
6241
12840
62018
36933
21542
5767
11205
10809
17575
18338
30614
24055
26603
60817
39532
2187
45429
27811
56422
4338
55469
58285
52525
18364
15441
31971
36373
32403
7914
35482
37892
34130
37313
8318
18735
6764
44665
52428
34986
23501
2371
18353
50837
33636
65533
31792
16827
32443
62030
13693
61543
11316
21683
39457
37877
34493
11029
52113
3525
19004
57997
65290
41747
33582
12992
15832
48182
11831
22540
18832
65129
9840
26115
32305
2314
7531
5328
28073
62822
32165
7420
1878
26365
30484
55723
16463
38039
11222
15637
18731
22796
1718
49864
38555
50383
17504
1232
51154
55546
29091
13638
37628
5227
53451
32229
60459
6130
14584
62850
64081
31833
31977
43365
56084
28150
8535
-1
57310
40805
6316
61361
18875
55226
16570
8639
36900
17547
29686
25034
45894
62290
34068
19024
36576
19723
13419
20552
3076
58344
44338
31084
38844
49667
10471
42940
55939
25946
6
46051
20910
22120
6266
2537
4279
5449
23378
924
42595
39312
61293
38507
30597
3992
4131
33016
45492
45054
47631
28790
28949
12738
50451
2377
59886
33253
40492
42935
18141
34147
5582
36922
45983
49290
52696
51653
4207
63628
25695
593
53475
40562
18692
36044
11555
6701
16423
25435
25059
52747
30489
61948
20917
40990
61564
57582
11310
47410
12251
7514
33215
63875
65416
14863
55899
8183
49228
4184
32253
35002
36352
31618
4259
61971
34134
7219
59653
32862
23677
43852
16474
65067
697
42132
19013
10602
62958
29500
6895
865
1765
29462
35407
59793
13330
62925
-1
32106
17176
53691
4311
33895
31314
8006
32764
31731
34273
25966
21521
62205
20744
31662
28116
38716
63579
57650
24278
39353
23719
33307
59720
62392
45399
63941
52144
15603
23844
36877
48045
3098
14123
55646
26020
61086
15167
23662
38124
61179
35699
10235
14025
54986
42096
24429
62710
23172
53021
61878
52194
28225
40447
46970
33101
30738
18958
53553
32555
42544
3243
48035
9147
9308
20941
12551
20667
30940
24302
3886
56151
41917
27675
54170
9737
29631
31747
48672
10777
60501
48675
19386
26875
47417
29115
6407
10933
50829
52041
59435
26933
63277
24350
61620
25062
20594
48975
3435
31583
12580
27350
11349
41441
19988
6919
48374
6875
65293
20807
3788
9529
3882
61362
32240
30795
13374
3597
2112
43595
41653
16109
59800
47827
11898
56458
11279
38799
-1
46956
5154
65363
41744
28789
7656
49854
37850
48754
39897
29429
42763
36411
16801
51200
48918
11592
39604
46203
30975
42172
28484
36580
8425
62276
11040
47638
21656
22541
48125
2746
29187
275
27095
26092
27002
9800
62860
35897
35500
16225
28316
42964
55906
30343
36669
61652
26132
24962
20016
6972
9893
37384
8248
21858
7954
64842
39725
22013
65019
24312
31373
64282
20359
1117
48288
24385
32139
40577
2191
60618
48413
11164
46925
18305
29202
30682
36211
60609
5315
8632
26985
5884
63145
12951
13955
21193
4836
22272
63949
13596
17026
45116
13376
19421
45062
959
24948
42267
49438
56525
49103
17138
53922
23779
50137
44426
61020
12906
55445
736
28807
60554
54382
45179
30495
35565
8986
52331
20446
35869
38901
44985
13408
11798
49986
30972
14796
-1
25946
64220
11454
12090
35121
6593
49719
55938
50230
58740
16165
41014
13771
6801
28496
47470
9557
6918
55475
32505
744
11562
44638
6986
48166
55448
23069
53091
60268
23233
54177
60627
38143
10525
63614
46133
37699
11900
33620
50333
21099
31299
11184
20869
37361
53889
10487
23846
39826
32081
46315
51205
38465
48479
9280
41967
26901
51360
17136
38409
61224
53645
26450
49440
55455
34206
47725
55046
12766
62893
18024
13524
39082
3588
28232
45791
37295
38555
27415
43036
36127
40885
22362
18112
21509
8456
40648
16524
9799
6934
25941
35337
10777
23370
54181
23754
30673
54238
12257
46495
5436
14391
3503
54462
26156
15401
5637
63714
43240
56528
26727
26217
48844
52145
49589
2770
57888
4438
29456
11066
19441
21961
48965
44651
48730
2888
22602
52739
-1
20638
34578
11918
44692
31572
45489
32508
54953
10749
36007
3963
38530
48593
42432
52473
50664
51444
44617
22574
41223
29006
52484
31735
47134
43100
1107
56389
46724
44427
43093
48629
53934
4557
1883
23168
58012
29907
53446
15062
28885
46645
34407
12270
13716
21270
63815
29115
3014
53310
43606
37455
30563
50302
58751
12264
51569
46320
23493
1428
9338
9611
29664
25167
37350
37236
25408
27853
28921
50168
12435
7329
26065
26926
20359
52526
16085
34007
7079
37714
49362
24052
12483
17869
58758
18188
62200
20854
44110
18061
19428
51192
48355
11118
39157
16266
26219
31885
38009
1620
62332
59641
60721
29939
14169
44471
32299
10420
38515
22457
13015
11434
18137
30939
35456
21795
33785
23267
58538
49942
38820
52053
12970
20115
26478
13643
41745
25840
19758
-1
15205
34182
51495
52278
51684
2342
17108
14067
35349
14829
6487
16669
18315
28661
49929
53510
34397
38268
21150
31988
6093
28860
44496
22650
40370
29352
43510
9375
53799
19889
26264
37290
31360
948
19649
45497
29265
4564
16676
34500
46460
41554
39556
12554
48094
27643
54948
28056
45850
14934
34374
14634
14418
34779
38899
27683
50861
55556
19272
23591
10635
28799
22879
31626
37868
33126
22607
30792
20954
5074
32788
36053
53823
5655
6008
27211
5799
13645
33365
37417
5483
54289
61356
15437
50932
37926
48704
13949
23235
55577
58358
65185
41404
51611
54326
48628
31698
17021
14981
54015
3383
28453
62906
32740
1512
43512
41115
62030
32436
63240
4211
29166
612
7225
33516
8751
30431
56142
60051
64016
56434
1636
62340
24619
8136
6885
11245
44853
-1
23393
56368
62955
55988
64635
35858
37870
14637
29233
21894
44817
8249
29966
43189
30334
50847
36704
39920
29405
54639
11992
17824
1086
12750
51983
31410
6695
1802
9929
42865
58006
15209
9703
30274
29106
32799
59520
54810
60745
51016
25251
16841
52901
33134
53680
2047
48529
36028
21803
29806
47900
26914
38720
15853
65382
60744
55103
15401
7176
57437
28771
54299
19013
46334
55896
37867
43505
2665
36550
42962
10777
58078
38568
29381
35887
22087
2053
53760
27135
25250
13730
38848
34056
55267
44997
59121
26323
34726
62422
57666
23159
13930
34123
14299
27102
59962
37655
14431
37011
26834
54328
42499
40053
50760
9112
12877
8061
39212
21115
55361
7783
61041
22203
42093
63758
45277
333
47178
7187
37588
26605
8437
57127
52202
4468
37553
10482
51271
-1
64685
28978
4579
18714
64933
25784
42220
3165
40371
58644
14059
12858
35447
6935
23200
39473
3949
13566
29986
7595
56926
53239
50034
34861
54596
8009
25394
13110
49910
45259
36783
62254
37924
18077
55094
16385
17430
43384
23845
54581
23054
20306
49882
40723
41360
64430
33858
57176
41851
30110
53519
31593
56509
15872
23346
6311
47503
20848
20642
56529
31156
23943
45772
64751
10378
63142
39013
34355
58795
44392
40102
44662
1388
26263
24429
20389
5119
42288
55587
54801
19446
57862
17186
34857
60936
28705
9483
6754
38245
44083
34652
39081
40737
26006
22953
38959
38109
47046
59401
27569
47526
37547
44044
21493
49589
6964
61620
48042
13366
31696
47060
50096
1715
10717
20890
30027
60504
4046
39201
2969
59734
57117
21855
38392
6380
27378
53303
54512
-1
41166
43917
43219
60147
60771
29032
50668
10179
31381
49778
60596
32052
1520
17670
44200
18597
38647
38992
6138
31682
54724
12822
52284
60199
30374
50447
25670
53004
1831
23858
2866
10104
58604
39499
47314
32223
65000
36907
53747
33961
36328
34061
31429
53015
56301
2799
44259
8114
52232
33836
50285
8915
42577
57460
47407
9433
24187
17342
24632
34404
21140
31048
20013
40905
25070
8422
35891
35843
15827
45502
47236
10309
41364
47925
15730
8362
33729
51852
21868
24056
56154
62040
1788
54720
55522
28424
47016
30690
10209
49308
54407
28059
24637
32277
18578
55867
1848
9337
45290
25087
25534
5521
47234
52249
56071
53542
37963
52583
12315
6601
55597
50533
54895
42895
44342
63150
28292
33696
21326
16765
62469
6701
61644
4173
27954
24770
6798
39153
-1
13200
33252
1159
35001
43589
65282
9032
3044
42965
15098
22993
75
24365
45507
53060
31591
17365
39776
1902
6963
12363
36430
23396
32554
26142
21202
13442
65353
9110
10895
34948
63439
26617
868
44378
522
26210
64354
28856
34686
15116
4446
28861
7777
40115
29632
38639
42724
10137
52987
36961
37788
52744
51328
22142
40603
39315
54424
20041
30058
5314
45676
29140
16061
22054
35011
59486
10535
19318
60762
36939
49124
50541
34793
27125
65093
59360
8886
40076
51127
35179
47117
18837
61122
27673
7043
57149
48289
21774
25658
39069
52892
52736
27667
27592
31378
1961
49958
30021
20995
11981
10631
62366
42328
40562
62202
15032
38428
11168
29833
62855
560
5369
6891
55193
29671
31879
57876
9207
7846
38533
18383
47481
1747
49409
9649
22094
64394
-1
26979
42041
32886
1545
65173
35200
53880
26999
21136
14458
63088
17550
9165
30695
40016
26862
32213
21424
917
33281
39250
18877
48113
2998
62590
56551
29374
32864
30271
55214
7364
63142
57981
42123
1499
7792
22167
59353
43384
62114
52776
55113
60267
9296
2856
29559
57784
13391
15746
47790
27189
11790
59109
17779
38260
29558
938
2476
14922
21228
45908
18962
21224
59276
17227
205
30583
7576
52299
52970
7974
23251
12429
54618
35641
23302
19728
45970
39294
48669
39414
10925
31924
8403
33426
28171
60905
2924
24340
46197
10230
62561
51448
21545
22108
31308
56827
62445
19351
44419
42373
54135
60756
48866
48778
11029
62747
63585
481
22831
7327
37490
6479
59976
65500
27411
5958
10377
56804
64397
2301
40330
65206
51625
24117
30188
29013
14281
-1
11585
35238
47308
28565
16990
43813
29986
44428
46403
37
32110
53720
6097
17742
25340
3872
63529
46529
13915
27358
39465
24222
52637
11704
51413
55539
20455
17733
39179
38771
54011
15232
61118
59324
45233
57144
55859
1823
30262
13707
17753
64531
50594
10945
41118
30324
63430
47131
16295
6323
23775
27448
49242
45690
13700
56701
42732
36267
31002
46169
51432
7145
34035
24533
24069
30200
42696
41156
2215
23638
30247
21852
15666
18308
40877
18860
231
60753
2507
23910
31081
26919
12392
1336
23081
64002
46913
38903
47515
48857
46199
50401
3508
32970
41060
3218
64523
1924
17622
5472
58706
24684
33309
6283
57422
56061
1745
26482
44873
19576
24062
9059
56624
32126
55908
2586
56350
61345
49195
23668
40970
13598
26761
31947
30617
58235
22451
11722
-1
16393
6424
26726
29586
17569
33744
48963
41667
17306
31738
17868
22983
51753
43728
24312
51565
56196
29156
34842
29787
54587
32304
37664
39645
26157
48426
30645
52965
39476
49823
56388
52242
25763
22399
50659
60324
34756
52959
743
49216
64650
62997
12287
3116
45996
30557
11600
50134
34627
34642
24459
57553
44937
12649
6044
39761
30012
12981
65114
21301
6600
56259
4468
24878
13855
64106
56306
13774
46457
3509
9004
42313
39500
31681
42246
42270
15149
879
44044
13101
31789
13022
8890
15040
35843
46910
40799
33699
24588
40357
24502
26098
53213
59664
61057
17589
26124
13365
3246
32066
43293
37421
64222
53198
44451
15819
48089
49365
37081
51491
64316
58210
16132
25473
28362
37538
59366
43820
44736
26953
30819
63538
878
6886
28446
56867
38917
42316
-1
3817
16295
28656
29702
60907
37445
1232
49128
13739
2040
10009
8206
56214
11138
60059
19721
11280
49496
28220
61940
14254
19058
33231
23202
56941
50804
37116
41280
54972
21195
60568
29817
43611
36030
28261
2883
54305
58140
8868
64612
20690
28992
61031
46872
47478
29392
33577
17830
8363
46515
34082
18689
58758
16111
3352
61350
59747
14883
17806
14442
4129
16982
53563
14931
50205
16324
29608
3219
32611
27121
62056
39213
11860
26472
57961
8989
16355
27765
54395
46873
5509
34109
46178
7029
15715
2144
42834
47396
19254
25287
17204
19667
55460
27443
19863
62033
1669
7988
33766
62518
7626
2963
27334
37691
9500
48879
40455
60611
33905
12610
45091
50512
23800
15088
36703
53137
45885
1267
53231
388
39823
29028
17504
20672
46923
64735
46895
47027
-1
37616
7340
65226
58763
41249
32215
40072
36927
14521
7770
36581
49269
24209
39263
46975
21473
19224
50751
26257
2630
43553
33088
33500
47760
27327
12466
8730
20621
39174
55405
14596
21096
17810
42358
55173
50039
23264
19520
52915
12657
16091
60169
11185
22892
38589
31015
34873
47290
36033
61236
46982
55477
51016
32568
37431
4055
58076
56534
32935
6329
31014
47889
29513
27434
61764
16846
39298
18262
7482
17351
3692
62625
22943
18930
21980
61012
35462
21258
49739
11550
49834
38176
63353
56890
48440
1528
30032
55093
18511
60514
24717
49995
12830
36761
32686
29194
15775
13928
61324
56450
65365
48171
24555
40680
50351
25707
29177
9961
35489
63179
15756
7868
62633
9734
10646
18996
45870
43147
56058
16131
14888
57662
56599
62520
12673
35994
52831
47535
-1
9961
56775
18111
28734
28416
45362
9246
28024
10285
38333
53602
25765
63084
18849
65319
27641
45779
58098
47985
54021
10990
28025
19972
64365
21815
11712
32342
45677
48468
45058
35811
10421
32659
32743
18399
55133
18194
24961
27924
28645
28381
16587
29237
45394
15110
54790
63361
49723
11857
33335
56354
49537
18976
65410
62044
801
37020
34003
35251
57504
44240
28195
24305
37450
56632
38209
39505
45219
27366
49329
787
62101
54412
14287
4676
63341
21231
58322
34608
25086
6266
53164
43457
47617
49002
57743
64973
4555
58276
62688
20026
50586
2760
26486
5490
51700
41486
31807
47986
28175
14443
38060
63035
26074
32051
59193
39868
6403
64061
65425
40345
51738
61316
48241
30701
46366
3710
37411
61118
45963
8544
14953
60711
31065
20496
55748
55276
53864
-1
28758
31713
33231
17396
25337
46592
64003
45799
31120
61900
30338
40957
62336
16504
24571
19102
54872
64047
34335
21874
42104
1495
31061
9800
65161
40157
18554
11824
5710
27899
2803
36476
29137
61909
25563
10647
38972
10013
5698
41724
29007
49055
15998
11055
50359
41601
33014
6480
10981
40944
32108
29261
38721
48684
3361
19751
36377
57175
461
33406
20172
24776
9953
39033
30457
14900
20981
47211
6837
16227
51982
7031
56491
28884
46775
13254
44301
26521
18849
15064
45159
58194
58952
43438
6792
16194
6655
48507
13165
1004
61509
42072
28482
26929
14714
21079
55178
18075
57612
20635
26058
55773
8205
54086
54351
13582
60135
58086
31751
60803
6718
5292
49795
27627
40562
27892
10714
41796
4593
6794
9539
57220
14590
29187
12518
58499
11742
14818
-1
21754
49320
63347
44577
57495
24610
11107
64160
54213
25444
61194
20771
58467
31628
16379
9281
38132
17665
58733
47812
2010
1267
7800
7650
7525
37589
55756
43221
39900
55752
51283
33266
15719
60977
47643
2948
20393
40165
41440
42519
11218
47025
48915
33268
30971
18726
58634
54817
17607
23342
13130
22898
15545
27740
62517
61050
33569
32736
51769
1576
27142
53652
47672
25583
63045
65149
65226
53787
49145
51015
48758
23222
56853
26378
61490
42818
13278
31206
60814
30569
11895
48105
40181
6373
14637
53033
26434
1918
64379
28159
58733
45926
21697
3884
1463
1605
19666
41945
3567
46463
37839
61626
19049
49565
15232
13644
5774
43168
25479
41029
63591
13238
25931
33534
58684
60995
12393
38716
34412
2360
48450
6167
31455
33113
48864
28914
54402
4424
-1
34375
8711
4701
3146
17153
3060
48756
46831
2480
392
51443
15916
39416
51940
53063
7802
26227
21381
5449
39427
36957
34721
26653
29055
13977
31769
51741
19823
10366
6823
17921
46963
11265
54998
40738
64603
25577
25699
34630
26680
20768
8528
25568
13110
54720
44190
21192
34805
42856
56306
28224
17685
37069
58982
57656
53046
20096
4573
6161
51839
34335
44765
45219
59901
59819
37905
64569
62177
16243
1089
11092
47374
32047
1874
12975
17091
27885
7850
2100
41291
40817
46128
63334
11378
21532
33150
25381
13370
22267
4423
8615
61542
61234
62928
15822
30770
63375
21816
39459
14294
36642
29696
4843
53067
38262
17428
37014
39659
40811
49400
12617
50847
48017
56727
60277
27340
50346
57892
12690
56118
49826
20960
11999
18807
52681
22004
47868
39687
-1
63471
14
15832
34928
9548
11534
17223
8312
10282
42731
18411
3867
7154
7346
15628
4673
62909
29520
41243
9864
21063
45575
50176
16325
27825
53049
28399
57486
49139
37620
37240
56002
38099
54040
30838
49284
129
6607
53742
36438
50910
41680
48979
57800
40693
57609
39658
30293
50301
52418
33078
15083
63484
63274
28398
9444
30823
33783
38994
48729
5393
49227
53243
36044
4760
58153
53976
2078
7484
55715
36485
18902
33319
11309
24793
6777
55509
49335
44993
25168
5443
33990
62053
17039
5174
12811
62944
2046
21549
16424
17167
42840
9602
65252
14006
46291
26683
7776
37511
54534
20496
46568
55072
65368
51560
23808
37174
57474
42546
25142
23275
6150
31180
42945
15910
40405
1730
12146
34382
50808
48801
29654
8024
64391
57948
19528
34912
30313
-1
27065
7345
14987
49087
55951
44101
54494
26688
52345
57894
33930
40973
47748
37974
52418
7388
62989
33945
57249
32780
51606
19734
54203
46585
3331
27806
63909
62476
51325
36312
9650
21201
6454
56448
32001
43283
27690
43261
37553
63408
54543
45024
49109
46266
3156
63076
48080
43504
47308
4633
44026
51625
11312
42133
9333
45609
1687
61027
10573
14186
46644
31922
27022
2469
553
28483
54475
58745
39529
2131
34703
24042
54125
49514
44474
65368
58904
64238
21242
648
61211
17893
3208
8907
54842
16833
55858
35453
31004
37881
58992
11826
44883
17059
36666
18876
65286
58515
55314
6253
26605
25698
57060
5183
8456
38523
18417
46122
11691
17650
806
17306
24200
11605
43327
35561
56930
23017
2919
39900
35947
25581
23926
14605
28435
61306
49117
38653
-1
41915
28977
32743
8769
47045
27348
11602
15227
8940
35984
57316
15254
5539
50547
32004
40864
36178
3943
59959
1887
62715
503
48874
9010
23309
21918
11153
17527
36670
60334
48978
26852
63694
16782
12782
13344
28333
7079
25720
63398
3815
44307
38897
31721
43523
18510
39933
41260
40774
33024
47884
27701
53545
63591
13158
34115
65405
20350
46069
38647
4434
58209
27193
15761
43383
37119
49746
38146
6278
46159
4364
29123
26512
36680
9766
1763
19974
42589
54366
32371
527
30027
38134
11714
19230
25043
42123
2369
17073
33853
41325
16856
9465
28199
32333
48931
27224
58528
65287
25218
44857
52601
26214
59078
60941
89
16272
23165
12800
18027
34959
42502
18277
56489
11862
24399
32574
23871
19751
16043
15805
45917
32720
20534
19016
47127
31645
51019
-1
61761
12947
54872
14252
35743
8295
58682
49951
2535
34626
10915
50546
8118
42544
43218
47181
11386
42109
65129
2491
20332
59542
2686
18960
23585
32273
4619
43509
62594
20761
28203
58633
20182
19531
60677
22992
33171
8528
1801
64505
64111
54184
49919
4730
48244
12933
39136
46384
57856
55915
58126
9238
7434
32883
36133
44624
35362
57926
35407
51668
16376
30816
43477
57915
9523
9018
39261
51657
7475
41884
58971
31884
1164
62687
24727
35044
60802
45006
16607
65002
17041
2161
36163
36263
54521
31299
33293
25530
33010
14121
58012
25343
24447
8544
4921
37055
53352
46648
54140
9056
26133
40933
36387
44518
11540
36858
43141
36645
53101
5488
63681
58908
9578
64393
46628
29875
23561
3926
47585
37489
24810
54779
59208
30546
41405
29824
37316
55775
-1
47576
63354
4080
33320
21765
48675
44148
10429
20608
5036
17839
9959
49653
11956
29004
64103
48253
40465
2130
62682
24452
18486
26877
19842
9727
43292
58836
13700
46087
49938
35525
5103
51566
53388
61037
4088
21445
25483
33985
47659
49424
14054
10346
768
30840
25382
20942
1148
62180
49418
42573
16032
2352
48063
18353
6865
14323
34789
25978
58230
4311
29077
25741
53882
34718
38191
9932
2796
8801
45860
53309
18000
51559
59639
45611
9071
49260
59391
46455
41567
39571
23145
32893
31692
14785
21314
14346
5687
25569
9222
36197
19468
27408
65343
11012
54338
56521
21639
60164
17909
41820
34990
13868
8296
52313
32286
18479
38697
5703
36014
50656
31665
2839
15515
63924
41320
53129
6476
39660
54680
19677
39468
61857
34246
20163
14376
33558
48105
-1
51049
240
1943
56007
16171
11718
35595
49970
33963
45035
23786
36148
8870
23364
3915
54348
63239
46932
42317
63553
12602
29186
38614
58997
16046
36861
11046
398
27859
10917
32124
56045
23214
19519
24027
8945
49424
57797
19108
53711
48316
51277
61063
39889
18358
26579
22165
9111
60698
53972
15833
31448
6203
54938
30718
21243
19128
46674
60952
9268
63975
12096
2944
37859
785
58100
18139
13681
61473
14156
15450
26966
61547
37092
55456
987
41531
4934
40633
35297
10434
28816
40410
16171
36510
4717
21589
59464
43078
54408
39999
54117
51102
61579
26100
25382
51045
12493
5719
57902
6837
36999
31542
23652
12910
52169
46667
19424
17153
43446
27519
21738
61766
16759
64099
47599
24807
54146
6045
17269
63411
10699
51799
776
45268
59346
33931
22801
-1
9942
46766
32456
19717
57060
13595
56825
63296
3772
16453
22496
2551
12320
44532
22605
58665
17935
33373
42084
14863
11456
60132
22467
33896
14866
37248
48833
56508
14891
29779
44709
29024
16141
44977
55447
18215
10056
9513
46362
39423
39148
45964
32754
45187
31806
21688
64438
54676
18763
36010
41572
61735
44846
7413
21815
29122
12127
51319
61620
39987
38361
58130
18988
9665
39841
54805
3515
20080
52506
57728
52036
46645
49162
25543
8671
1584
22417
60512
32377
60930
48107
21623
58493
2547
27274
10848
12436
1727
9771
23874
21091
63010
27280
16730
17289
48087
47019
22647
42620
25629
61432
26110
10572
26801
61404
31314
31450
27338
12064
56375
56095
20479
58751
43605
7706
4044
45179
34677
33862
57530
15296
6176
54859
19934
13892
49376
27898
26239
-1
32650
1922
1312
51528
63463
11035
27095
41282
15217
23705
59392
21199
11608
26777
56270
7014
27939
5845
57606
45404
22247
16919
49267
32300
27579
61054
56194
39701
41302
42281
60374
47275
37716
31887
55907
11823
60271
56596
41623
23450
18826
38369
36636
43884
44587
13989
8523
20093
54671
3207
15838
63661
11983
36565
23367
27890
38519
56029
14555
35501
37801
17709
9320
31210
49218
30596
13202
13360
30313
4168
16151
22413
64293
27226
7437
16968
1005
26198
51961
40648
5154
35236
14637
65526
54996
47703
48812
62036
47052
7246
16554
48924
36575
33877
10769
33897
5407
34389
2311
50315
59912
20420
24330
9951
46863
45798
46730
31545
49540
47864
64448
50382
87
11729
51392
55588
6498
2801
16228
31781
4624
17156
10071
45165
9723
22934
25794
19429
-1
50218
9506
61367
26958
25776
47405
25981
15542
48466
28034
26385
3815
52591
20740
36815
20866
16769
12126
46839
793
30483
50335
21838
26345
60724
13196
65364
54409
40750
61976
23233
5385
32849
25749
4301
38496
56564
61028
57243
30105
51746
30393
17760
24446
59472
46464
59271
59131
34017
25611
20094
63827
60351
41815
19667
48778
45628
35492
56474
62988
61377
65459
15872
21583
56092
60314
14827
39956
54418
65343
40798
56689
20884
7715
54160
60000
41791
62042
6869
4748
17580
6962
55389
8440
58899
36602
35987
14723
51135
23619
24240
15575
46083
50688
15203
15203
59323
34669
25780
43342
28019
59499
55249
37470
23357
31186
18900
51473
17209
47829
51675
20216
40363
15320
55558
48435
10432
51891
1293
59606
25375
37312
32013
47604
32793
61613
24347
16921
-1
18823
7618
57920
20856
41196
38205
21249
41653
58358
34116
22904
40304
2833
52639
10934
17917
51599
6406
19515
34345
22426
47690
21997
21294
43202
4584
3090
13195
33716
13457
28492
28540
46377
55291
52755
61123
48559
63546
5829
15284
40959
29595
49711
29991
13179
37253
23869
27959
36427
23019
21624
20455
1800
13572
23656
58283
50041
2435
27315
1287
59157
32368
15218
33631
29200
30636
2398
29097
44485
24672
58900
2809
16183
51632
47713
43372
36433
55809
53948
28132
40893
23853
39459
2462
7277
37277
55562
865
52848
60597
7096
25045
35938
24667
15187
41398
65090
39696
36111
25879
38433
63250
60990
35481
39910
20013
26281
54883
24344
23166
47463
29556
23446
25044
478
61190
55551
22816
11080
22379
57059
55937
33593
3491
53291
34376
5624
3025
-1
50784
24024
42450
45591
14450
844
40692
53527
55784
56246
6923
58827
54280
16470
47376
27289
12138
59179
64651
14498
59217
1815
38317
8545
58068
52230
39702
1594
40858
38502
2008
14454
15610
37008
48886
35595
2273
23885
48875
11890
58344
42823
39727
6502
25371
22831
39205
17355
26294
44132
36698
20880
6176
60469
60571
42814
27322
36113
64719
63638
23834
36503
64150
50861
15744
63816
16705
65326
49513
20077
17599
6367
57383
16539
58771
43388
60097
58093
53808
41505
65534
31730
35951
8045
43583
61366
5014
45311
19145
61550
36696
59906
44222
32468
9514
39349
24324
8534
12223
12766
30098
57882
53689
16051
56289
30538
6013
57464
39711
30885
62934
1572
49387
29940
57607
28554
41156
40249
18007
15406
33245
38029
60010
37265
61022
60523
12724
32327
-1
7722
32749
38013
18960
48063
53847
61022
12292
7583
21552
12262
65014
2461
32833
51186
2153
60844
7782
24868
51361
55767
18436
16932
50434
16945
9736
24793
20531
31468
193
63918
46037
31402
18525
56945
18739
10068
48646
45724
480
28941
2924
23442
43484
48435
31673
14693
58911
62373
49992
58012
34215
58360
1000
52327
5251
5384
41787
14498
54307
45402
54415
51480
23967
13775
45497
56890
20317
27756
32328
33264
60272
21205
36137
44958
58580
46220
25774
47229
50667
52227
17918
38956
30824
14755
46513
17920
15262
13615
42349
16891
42524
4525
4571
46223
27328
59165
53794
28190
27370
19407
50208
54616
16005
58086
1010
61132
48491
17855
11494
56410
51888
34461
61940
30309
29538
41244
35028
29112
25690
37606
12232
62794
18882
15357
7205
49566
24427
-1
61851
51697
32007
28868
37991
36578
14099
3848
33740
47050
20400
49655
24928
4576
4234
60493
47845
55220
40772
8149
7807
387
57679
48397
40244
33176
49807
16110
63033
44378
27429
56469
8964
15542
61226
17724
40333
43230
19498
42470
57497
43328
39868
61392
49035
49151
59573
47006
19792
55014
34948
46950
9997
60124
930
47890
16754
4467
46854
60084
19983
42382
20527
27396
20791
51810
25819
302
43466
22124
26306
46283
52221
57285
19072
17813
30590
54135
29235
41858
8506
22136
75
16764
36510
12982
50154
60847
4915
62039
65053
12807
51257
17894
33038
53241
56852
45501
8173
39793
23196
37647
31464
54204
24218
23113
30266
56540
59801
12000
16958
45643
35249
43722
29433
45893
42700
53025
33996
63601
4467
32960
13596
26571
10430
5408
43849
8272
-1
26659
15681
16602
55578
25530
26289
39972
14111
26425
15590
25426
40667
32931
48649
57560
44537
53003
30318
25037
905
3056
34714
14649
20505
46953
62524
11816
44606
62265
2061
55207
39246
22452
37241
32745
27122
61345
36218
61022
61834
47323
26541
61319
53247
38849
30773
13484
28723
56190
56965
13212
26838
9532
9697
7769
18561
61732
35662
14506
42636
63656
42284
7557
19754
38069
12011
46911
20067
7361
3286
13755
40994
56732
8269
54165
7289
22648
20144
12141
39024
29894
41202
46478
39788
30095
39207
12497
44370
3536
3936
38664
28162
43066
27271
59330
34045
36250
8390
13810
40041
29195
1116
64866
63059
36635
53379
48305
51617
32297
57691
35969
4088
8721
52130
20411
30990
28520
7217
53632
31577
57166
37492
5592
19854
58035
3127
9033
62692
-1
16019
18318
59102
21747
19181
49020
53967
64780
2972
46435
30
63018
11376
32377
35403
54244
56155
45857
5561
30942
45183
57736
33605
58016
5790
19884
49856
46010
51135
17473
37343
47491
5593
37827
33818
26129
35116
22356
59737
17737
30514
7154
36815
11241
12769
10355
50065
24832
39485
26038
18114
44553
9917
30869
58244
16998
33478
45863
53277
48794
48988
42530
39311
29137
44485
64935
47793
35099
47827
9894
58356
14675
47737
30274
46179
47550
19178
50373
16727
32037
23163
58579
64539
23180
12571
60970
36264
31240
19325
10405
41469
60973
45785
62293
32296
62623
7755
40302
25585
2275
51905
53145
5251
27880
16884
1257
2783
17462
19649
31341
34476
37997
50223
64044
35014
23821
63092
32312
6118
21585
43316
55519
63260
28512
12849
53219
13429
49993
-1
51741
34964
22347
1274
63004
32287
44718
20912
10930
39627
34240
19888
16905
29796
4869
45070
28198
51049
19646
3316
49308
60816
23905
3544
29757
64038
25510
65011
31487
31701
63004
31817
41737
10270
57852
96
64812
8222
8936
41472
301
59349
49258
21133
35124
41661
19406
27071
55722
33785
29380
25700
19539
3618
41875
64443
42013
50345
44486
10440
28444
53567
31501
21771
8612
50045
37811
40962
64182
37910
65423
16603
16970
28743
33730
21429
56767
60991
52513
29303
47789
19473
39005
57630
48411
63079
51735
23547
244
9424
61378
60632
38421
41474
59261
61879
60248
60348
52151
44525
31370
50310
422
25480
11949
26169
21936
64778
10641
14099
35499
24714
8081
52384
1251
13804
38694
37283
25128
35336
50299
42752
22551
46815
40881
51074
19953
42116
-1
743
8577
39566
37531
42366
34298
26794
31551
55078
45262
5618
26755
44435
56801
63399
12734
36856
20886
29158
63233
26886
58096
14283
11605
58348
40841
10745
36583
43631
54648
29722
22951
37576
46498
47817
23897
55805
30039
23833
35705
64978
60161
44569
29166
20828
3233
47908
20072
36140
42326
7877
36115
11287
13258
63125
5691
41485
36813
57211
57873
38647
34979
20356
64177
6544
38317
34780
21822
38080
61853
51979
54515
8620
62967
45056
11708
12603
11738
53217
59089
41279
36724
53726
13654
17799
37615
10613
9430
62191
36535
58010
36414
28162
52997
62942
4743
36616
61210
39797
49623
15267
16159
26372
14638
60530
34751
5202
47202
736
49604
23099
39264
22714
44882
65413
19977
39873
28535
2767
48647
56233
25810
8502
2818
8564
12660
50965
17338
-1
31462
33767
40151
8110
3408
32890
13724
57419
65403
63862
64970
27976
21292
14251
42617
50124
28738
50561
46737
27408
16162
41401
43221
52864
33027
36717
35069
14630
25556
48499
6978
11403
29442
52946
52938
1153
33272
12177
64148
46863
36676
40194
53312
2734
59348
44493
10398
45158
39536
58017
62961
55735
24636
9826
7837
28794
13589
34534
44214
58983
13456
46937
21304
32923
62677
15641
44036
18250
2216
294
49010
3800
1181
56391
32218
51818
1613
18131
15420
20769
10463
25675
16134
58981
5647
38711
15468
61326
32449
46184
20843
40759
36510
34144
37405
48991
29052
34186
26188
40456
44165
16648
62800
49614
9515
30080
60276
9994
41570
7180
11057
59828
62808
23430
27503
37475
32980
38498
43364
7868
10502
31297
20009
7471
20079
20214
30570
54990
-1
11829
46711
61107
31935
6048
1073
58482
2810
2969
4114
39099
16047
8331
4475
9812
46059
35655
46563
39130
63952
4151
47246
53679
44860
33168
59335
17750
7642
49558
18828
13913
60478
45422
4580
64461
52492
20557
38426
53847
5423
52728
41651
58721
63091
57691
47163
38934
63305
11030
53808
20963
65521
27185
22767
8974
61531
28305
43340
52246
7074
41093
49669
33129
48490
6494
43566
65433
3659
9481
18793
21491
59420
13540
46589
4499
47662
34808
26455
33688
45248
20951
9749
408
34299
19696
8879
15997
14397
57077
50743
38837
10477
40845
28573
31431
59240
7364
54257
53099
20412
43271
6846
31257
38058
63702
62986
51926
49938
48504
30473
28653
28295
274
2839
8809
38536
42195
36638
65123
15509
48569
9459
55402
55090
35934
59584
57505
61359
-1
13966
1041
96
62449
15808
40253
9297
62300
11063
33016
14531
12349
15605
21168
62467
59546
45393
2945
3487
47482
61836
44228
56960
4868
1657
26966
12235
40445
8956
26629
60128
24995
24844
34327
7550
17532
24496
33388
34194
15917
1235
64716
37602
55856
6620
60454
33763
48372
31912
23018
27744
27058
51294
47942
60886
12828
49067
4396
63336
60300
29792
42826
54122
5043
51771
11109
8006
22452
26546
2168
50303
22020
25392
1890
255
2490
39500
29181
27656
63622
38454
52353
25837
35203
39497
17797
16374
9573
49165
2629
57856
27735
47690
33419
18453
17558
25343
17658
55669
62348
14169
6418
2235
32622
3475
30310
44880
18456
17727
48270
3552
734
62626
36744
44808
7904
3177
47689
12270
5821
44138
737
26987
2140
16187
62313
28015
56439
-1
3750
27848
54301
34667
50482
36606
64458
25250
52063
58373
22562
57064
42529
55666
49080
27354
7156
45837
40766
17746
57301
8698
41311
31379
18469
42240
56619
16920
16913
34436
47367
24570
12664
54191
56930
20885
18258
58385
32091
19034
8428
16697
13999
35072
46648
3748
7409
45208
63279
26576
54320
6402
40945
38269
59448
3123
31422
49347
40817
7697
37218
54324
45994
29273
9725
40377
62529
34289
38963
37656
25580
18201
55870
28810
39572
19642
13380
43821
8500
31356
44171
4290
57100
24184
17472
40168
26119
60447
35368
33511
16799
60289
6360
42950
14176
8840
50163
41106
64896
59096
35470
44090
24498
63817
29670
28845
48332
7133
16537
41869
38152
20332
46244
40977
63871
2807
12476
93
63618
13681
17340
11707
8228
45817
2749
1947
19660
28427
-1
33921
46564
25455
56706
5492
40746
10991
28893
53622
3213
48703
43706
7701
13580
8026
23581
3181
38855
30383
37245
21722
55728
10178
63147
14870
57947
7793
10209
8561
39415
53471
6385
4507
4249
32372
35348
4083
2349
60666
7613
36626
56686
38056
48205
57345
49920
18686
52662
39071
6760
65182
58823
5298
24354
62341
5392
49368
63792
21363
18191
27424
60250
40038
61152
65481
9228
32172
48739
47853
53808
15375
42891
9243
14250
54123
27387
27191
31640
50991
5882
48704
31592
19281
19702
17113
8822
12899
61787
12581
42969
32736
48662
212
20694
26614
46152
5880
19773
30981
26724
10781
39078
65088
62952
58545
39190
6938
39548
8384
55275
32465
62561
24839
33861
24792
51971
6217
41123
29954
40814
1987
10826
17122
14538
14503
6415
49902
10022
-1
57508
38175
38297
34645
23643
737
12638
16999
15009
18245
23048
37636
19381
60310
64115
3310
8855
46829
63075
19027
63552
24781
48902
65085
28587
47873
13472
18295
12019
5315
60804
43264
7045
19573
25130
15591
34793
14738
5099
3742
37066
7725
13914
18302
15714
32895
41022
3148
59256
51457
39962
14532
60609
11896
37055
5977
13982
62732
22394
25648
11163
33793
31820
16804
29892
3245
11420
36258
7858
19306
6065
16779
1268
38818
10402
22748
5693
11675
41045
19027
1780
52331
46715
50951
42962
9815
41857
36326
2989
27014
59045
60745
1439
48550
13634
19666
40757
45865
43994
27410
38239
44830
41825
41883
23252
51169
27461
39456
43518
230
40928
55592
57957
60337
3598
31832
59024
8839
56745
27906
5254
13546
45993
7562
48508
38605
34299
62804
-1
53597
60816
42755
15092
32775
52833
42754
40705
14249
25849
46208
43379
39563
30991
61082
60487
30251
55009
39827
60750
962
46611
7746
1192
32783
35106
62959
26930
543
929
52763
54627
7480
16403
1254
51253
64581
59391
12487
64458
6942
41388
30703
36416
41291
4667
14083
28760
6953
32435
10071
47278
11079
6173
50456
9587
64690
8094
61385
56258
35108
40069
27405
38050
19776
12679
1033
18444
18134
53632
59856
59905
44593
33915
31555
44929
42241
10789
12381
5061
13076
10432
56381
28244
34011
12058
35010
11481
14434
44257
49766
9238
63836
64804
1625
20693
54531
31754
18747
698
12787
36687
43808
4325
32070
28508
54636
20218
19490
39947
51212
21716
6687
6283
53037
504
63415
3023
1241
46351
11495
25578
39845
47802
50735
62123
31439
42447
-1
