-1
15523
3129
29616
4523
60256
51394
26101
47984
8416
783
59242
38023
40384
17015
3663
44368
57051
6650
36671
3970
9256
37044
64168
32743
57489
57336
39327
6489
44756
65208
36098
12059
38271
60298
5375
48454
58168
9859
45566
16523
61613
57761
26145
58312
29879
23173
38802
9512
478
54253
11484
9339
46243
10000
11891
29531
40369
64608
34279
27447
58914
6655
14835
37338
54399
60284
38081
10456
4701
49246
13140
61717
19398
20842
11589
18466
2608
58539
38599
64549
3081
19018
7268
18960
27594
25283
63669
1569
53086
39090
15744
49663
9505
38596
63108
32970
50010
61251
55169
20845
6707
30781
24954
11896
7061
47343
53503
58089
18920
60528
4825
53287
59910
43358
9903
1970
44159
7363
25415
9878
7804
63298
52462
47780
20783
50853
13493
65212
-1
1662
38349
24454
22756
57737
28639
8543
40537
41684
63484
62308
46014
40753
50865
4868
64807
62006
35538
36729
32513
18362
42546
62703
50788
11543
17517
3180
13190
43714
52592
39749
4451
54754
17601
24746
63718
7210
14475
8063
61110
41271
16982
9695
18124
52103
2173
53127
50483
24366
20852
37526
12058
14871
5432
8605
19504
48000
54528
35668
8240
41575
47418
6047
10819
9874
54573
59980
41927
50246
61490
25125
59644
18749
8632
47159
10419
43443
33438
42534
64532
25064
56018
42114
3971
21835
65080
8429
17056
53593
40531
35388
58374
62648
29361
29808
9623
44243
26715
42279
2292
50815
55950
54712
12173
15234
6811
24126
8099
20688
50830
45205
1856
65006
7830
35977
60633
54015
7403
30510
37532
20391
65109
62430
4514
27989
41714
40648
801
-1
43408
61281
43509
12358
16691
58013
6525
19009
17584
6166
5145
11107
64829
60119
51645
44253
53578
63603
53098
50907
59254
46485
62906
55811
27617
33818
43274
4789
41581
57595
49726
51555
15781
41375
21302
39822
51219
33741
38859
33233
40009
51006
9000
18259
24406
40141
51284
59718
35142
37697
83
32095
54807
26161
61025
44370
40464
37215
29847
62180
30020
21255
54045
18487
52926
63745
11887
14147
2958
32714
55436
19921
42900
59089
30852
43382
18306
1491
2989
8802
6089
1368
25948
34685
36781
20947
4722
24277
42779
61648
1501
24921
50249
47568
31417
61179
4202
37147
8519
1391
4271
58640
51860
10672
13712
1970
59151
40313
28232
9973
25667
34253
58770
6619
32721
8002
48581
64565
50791
25579
44603
28311
32990
5542
32282
55850
35753
12069
-1
54922
48735
16808
7449
62623
25282
34128
22772
22630
15097
64646
61695
26765
55947
52830
34278
4159
37907
56268
45322
59200
5369
59609
1350
59161
61177
412
5157
9116
19425
8373
26089
5305
41491
53058
11577
4671
16584
45162
52576
39473
19087
39237
34071
21262
64407
37879
26822
47890
30533
31364
65002
12718
46957
28402
26626
51104
46628
20697
47715
18222
3675
7861
10893
54951
26278
43205
51398
42970
42056
8191
775
32522
60829
37775
57360
33858
61417
21381
38890
25492
37152
51852
33114
52197
4474
31057
48259
8042
55531
8400
49133
590
10198
9828
59421
8577
9771
7344
60538
4994
2135
64877
8516
7850
46515
22515
50062
32346
6710
4119
45231
27852
17611
16030
25634
7859
31004
18767
63373
51385
4768
44618
1783
13623
43198
2249
30683
-1
8091
52765
45693
58593
13483
50536
3405
7269
63243
54186
64940
23108
64739
26467
10712
48891
8445
14455
49315
19373
23549
47903
45027
16972
62252
11639
61153
32251
52098
8650
31118
36953
5205
2355
39294
39970
7541
5656
20805
46870
55716
49653
59236
45373
51868
53483
34657
47931
58980
28481
15424
28479
15136
6556
52856
28068
59984
35215
27019
15062
61989
43201
38588
32156
59958
54210
44433
25976
6464
13071
26424
19250
10632
31824
3291
46326
30826
13259
29417
63450
47715
26088
41795
54437
37666
46459
47987
30244
23593
888
90
7074
58148
23829
51914
22453
46627
59843
29930
50602
20876
3439
12884
58819
42546
53110
46214
59290
38430
34100
57002
44314
21754
57008
14455
25735
45200
22105
22168
48825
28037
60941
34352
14915
48452
45323
54891
24352
-1
6727
32359
61599
42479
36262
30985
58395
13998
60153
63835
37770
54440
24160
7068
32761
27955
18505
50110
28357
31723
58456
31679
51112
17483
11338
26850
6906
18576
60893
36323
40959
36073
15330
44695
2178
19102
14527
9514
40862
36171
43271
15216
6341
56821
59384
15485
51439
48908
47655
41217
49447
16029
56934
26763
5569
33719
61950
34675
25024
61304
24817
53534
51801
5708
7378
63358
12319
14404
7023
50293
22292
45381
39604
30408
51012
24737
64566
61623
13896
54222
52271
23426
39127
26967
22829
30585
34201
40952
25128
5977
2536
54622
40923
712
62361
37249
319
32305
51097
32537
60313
23664
58651
36795
9394
40228
6450
62555
22955
38545
22370
46481
64489
50656
5732
8509
41870
59198
24547
22575
7692
26885
35205
2593
9467
50715
24503
28804
-1
58419
24946
13233
42776
10760
62373
37515
40813
7364
39135
12391
15730
22965
1830
28345
45064
62455
42678
8370
19296
21283
54110
26453
55355
43911
55378
54884
63357
8873
23276
22591
64883
7498
30998
8229
7117
9125
10160
32148
63399
45629
7554
8360
28509
56457
39873
12821
31807
28714
59107
28241
15825
42673
9710
59188
29914
46692
51982
42738
19720
56858
20437
59375
25883
10213
26631
47565
23430
64529
25170
41037
33461
64877
61365
27998
59518
55554
33370
8868
31637
14249
40065
36280
17780
30008
33008
59894
58246
51061
47369
8494
31169
12069
55142
24385
6105
41681
50059
10446
64099
53068
6614
9482
1771
38475
38970
37816
32480
13692
29674
25783
11824
19535
34691
928
64867
34068
54669
52829
31095
33118
58612
33362
46590
24179
53936
14737
34707
-1
60908
44338
19901
25271
27576
32003
41491
17529
4717
19
53766
60917
5944
48184
29391
8942
11359
41226
24039
1453
63208
56953
40804
40627
17081
40580
14769
13319
28142
53884
48334
60355
27704
352
53392
32876
4101
40088
44123
1007
60358
25338
27006
36610
34558
58241
54015
25447
34711
14149
15421
19436
48391
64074
12013
40922
30308
15798
169
33251
45217
18400
57130
11295
58786
40185
6438
31152
53478
62144
19558
54085
58492
20558
29537
9891
52960
11268
36798
59857
2480
9037
636
32005
10072
16721
52243
5858
60901
27375
54402
37560
61791
63024
7543
50330
12305
6939
50707
55823
24339
10585
46629
3962
6287
22220
19310
2169
50798
60150
8372
32495
18906
46830
24021
39658
23657
43088
30764
31410
28756
34306
31040
17693
985
1136
16911
36956
-1
41523
24486
6471
22148
43884
44017
47758
45096
16804
2307
4239
37035
44197
35725
23395
7571
29817
6933
38939
29079
49460
14643
17135
40274
12774
40169
60220
7101
2058
14194
16859
29457
34695
54227
35723
44993
53521
15854
54147
49046
3017
5170
24914
33051
24081
6659
27463
55089
47122
15614
40418
25029
37229
49827
14048
17089
7277
51221
10470
37265
5613
23755
1462
12520
11681
27655
39696
41107
14528
15945
4600
56155
5500
39753
53389
44690
11655
39705
39124
3363
55904
28960
11822
41672
33357
61929
65369
51449
55599
63634
18038
37708
39200
13582
23517
48094
55446
65438
10934
20236
10052
14101
60719
21370
55572
10400
23791
9075
50342
19279
47730
27218
22358
39152
53105
50880
44892
29809
32950
50280
8958
23141
22455
13732
51037
2307
5397
63479
-1
56869
47048
7093
1171
25026
6757
6151
44452
7518
24015
3166
185
57078
15484
3152
41951
37386
32242
10072
27562
60917
49160
3109
46971
27280
51617
20838
41420
34240
59321
1071
27078
28567
38129
40854
38281
59849
26573
14383
28776
19530
50658
6305
65506
15585
27247
25551
55242
232
19844
62428
13991
59430
26408
51279
42740
24500
29065
56362
37865
51180
47152
16606
11918
29391
56611
26005
58777
48996
16516
22956
62062
63310
43112
4812
3829
3361
43820
16480
31359
44017
42021
43975
11452
41014
35030
20506
45762
17286
1867
24363
20460
2585
31343
60635
36292
13682
54022
12191
63599
12786
41925
34369
11089
40256
32522
53305
26638
63532
6434
35337
42690
58221
23115
5555
30563
62609
28371
51444
4025
8071
5298
24558
36405
17776
35337
4988
29448
-1
5975
13397
60450
36387
52977
16865
31721
54486
40055
40623
45998
40186
27960
64
35758
61318
65197
33346
43267
38201
7257
38710
28662
5696
64748
37347
55997
3144
13302
3099
8017
3269
5798
51341
7557
7632
1056
53173
39641
18697
41197
5407
24723
25752
22327
47676
3934
26569
55724
49254
26312
18893
28021
51583
34305
54195
33466
50175
53906
30383
26961
9227
41389
20974
23805
17448
2957
20370
27796
53062
23800
60519
6301
24159
13376
52601
27741
62480
1614
35227
7798
33809
58779
53879
10996
1397
8420
30669
27803
8807
20268
17202
51420
39908
20628
54324
63221
20069
17903
36186
5238
42273
38082
30597
4565
45187
49570
51264
40095
56260
11638
15629
4794
19185
56176
13453
58996
32683
49433
38475
15359
65088
16697
55137
10767
46379
10506
29818
-1
31535
55690
55663
48289
51980
50093
47438
54799
34639
58827
59336
65118
34781
2495
6368
43157
27968
22176
20768
13806
46846
33831
65254
5716
38559
53184
59751
24528
405
32188
43184
24140
61816
57531
19619
61132
63024
35076
58815
17518
55878
18921
55152
52520
4424
12930
36441
57576
8396
63156
4249
17303
23888
5466
36781
18170
54423
10651
5848
60037
34908
41307
57651
33823
19076
59200
60315
6358
19025
37898
7422
3648
59136
51325
37057
46126
6629
55285
21553
35903
21096
19613
14468
14924
10150
44729
12823
19568
42988
23447
53982
26549
50335
7959
33062
23383
6305
6247
65236
40077
37089
39729
51664
10953
49158
47051
32010
41544
41754
47286
59158
6625
10235
40280
15081
25317
38264
32892
32489
2252
29205
21624
44102
25804
21475
44257
47280
21991
-1
36211
54194
23224
19007
12063
12053
59785
18882
50426
38356
17941
36226
5686
59057
44349
63410
60502
64246
51769
44501
43271
8085
55589
23390
25745
33658
56132
56113
13569
18643
11718
19920
8353
3296
16456
32551
38177
62888
64188
17157
46433
59256
47697
23187
4182
24958
212
13528
1536
60999
28084
42206
43616
48269
19888
22745
26241
25559
25144
1285
11729
1976
28406
48779
34692
7861
20734
53964
31721
21917
24499
31125
48517
40352
42308
31029
52280
3419
6765
16722
11052
48843
20099
18118
31154
39053
19729
8238
22599
46049
36276
40284
64740
25444
3490
44635
12209
65094
62938
45244
2718
1759
38644
54540
34163
43584
47087
14211
12315
9305
53020
1975
57603
32349
53014
34833
31916
29534
40219
3408
33447
58500
62054
52998
6067
64290
35679
35546
-1
19176
27299
32636
31788
17126
1344
59847
42104
53711
40161
19541
28594
42058
25183
13392
46954
45892
415
14523
25230
9007
25750
1066
57410
45523
7920
25257
35737
22325
60035
4516
3185
53618
9791
40908
63439
18254
58298
61257
57300
43549
17240
51168
18833
57677
61189
55644
27625
63735
54500
29818
22712
25158
3953
1044
55903
12724
64987
39966
26746
53080
14093
56060
32377
48574
44401
16857
22979
34210
42409
23808
1947
15289
59007
44806
18954
24724
31429
30991
9666
45210
13922
36745
57092
8422
50420
15192
63578
20545
60373
28659
50126
6034
1267
10402
14623
33814
62592
45495
7722
47266
26442
45109
61310
10760
40805
61951
30525
37911
40486
62064
61290
45946
22346
14920
2216
27634
48971
58826
44376
20447
44344
35013
35410
52967
27040
2630
4758
-1
2908
15890
61844
40445
6330
62904
65396
19185
12381
26640
16889
21155
30948
34330
8475
23402
27769
4556
18100
58145
18909
9275
51723
26186
47458
19300
42757
15250
29401
39764
55451
65229
28137
64144
19423
44312
51435
34234
39920
60896
61537
23977
30589
57973
58328
22907
1391
18845
30426
16124
28081
26759
37603
17576
58973
32595
24808
42558
49626
26100
19181
11403
47702
41056
45265
17254
14616
5906
24665
5419
42994
23421
10966
49612
49547
10130
14954
38783
36812
40399
2822
1006
49380
45616
19140
51244
40774
32905
2802
27369
32435
39935
44659
58587
27287
53460
43095
17692
38843
48040
39327
29377
51908
5528
2607
60144
46797
46369
18372
28881
41480
43262
59832
25342
19493
33064
39262
602
28764
6865
52808
59604
44960
27526
62187
43017
23336
20997
-1
28747
62834
9192
17808
24351
54136
26943
48221
62696
19134
7268
26053
49313
26531
45132
56639
55313
65145
5718
60509
30064
26214
31367
41393
24507
56013
10925
30049
23020
17682
36826
63730
31785
46297
10119
4260
11786
57826
5279
21763
24726
32504
63147
49773
55408
13558
42394
39381
45420
40369
44562
34001
5736
42667
50458
17294
44450
55689
45449
28061
53187
58384
26952
28906
4840
7205
51797
5013
46376
56343
19036
15941
22747
51821
24538
32789
19253
4597
58075
18113
62652
6204
14197
41803
8446
17281
35981
32304
38461
44209
22428
62538
12901
44986
49474
63358
30265
44637
53523
40446
29705
51609
9100
48988
51074
43432
3740
46089
12394
41043
35734
30812
30071
5559
14613
26365
18080
35888
30583
25661
8257
46766
34350
11706
25596
30659
24024
62707
-1
42778
30334
41620
59716
57845
7536
55151
19603
32780
18041
19463
2749
26814
60357
15673
27409
47444
58040
39288
17331
5675
22130
2603
53988
35635
14
42485
23870
39322
35987
18973
20329
26013
41690
46516
32337
17342
65309
8144
61929
19744
9429
38713
25693
57303
43847
30920
38070
6652
53720
4874
27873
56006
56188
3120
14823
46223
13724
40993
37087
25754
64216
41560
40257
46330
3335
17490
55175
7028
24501
3041
10573
26391
3968
19909
49386
23001
15815
40520
19889
43682
14222
39065
31816
3265
17676
4471
3517
46494
42641
60066
15520
45819
13454
18385
12269
65269
6557
65235
17054
23745
39664
19490
60639
17386
17591
13841
47970
40441
21732
28015
23761
49957
5458
40739
19803
7975
42778
3798
47488
45429
29187
1231
54593
42130
11893
61608
1314
-1
59474
28369
1017
44575
19278
20398
32933
54130
2913
53863
58753
16232
37185
31399
22877
48433
3110
29397
51391
57998
23876
32483
16220
14619
51051
52249
16757
40424
53960
64544
27432
57925
26743
13869
47805
37262
1917
38188
25803
42289
53169
16013
58
34622
25558
46132
1277
54290
2723
63067
9561
2406
59154
40965
34165
30025
41816
19376
54443
36811
12855
11993
38800
20002
54386
21877
48918
1795
10103
31854
26881
37433
27400
44119
40017
63343
14006
56569
62301
15606
35300
56103
53463
45328
16082
30294
14704
33259
54836
25675
11230
10169
26559
26051
62095
42921
23477
40616
43874
17107
13892
53507
20919
36996
21413
54301
5739
28375
49437
60214
52236
29269
31259
35075
21742
33868
12021
52480
61953
885
15073
55268
34994
35027
8929
27093
9099
61980
-1
27077
6920
8214
21859
62001
38860
6380
34725
54581
30993
21536
53733
43746
36526
65286
56481
24430
61456
18364
65001
26097
19778
29512
35998
17494
64105
63178
2387
42438
6196
6294
3524
2010
7974
52713
49339
12528
1070
25334
31274
249
37573
23360
43597
37562
62072
5368
43887
37979
1706
41111
54548
42524
17846
25763
62021
37903
19091
24723
34007
13876
34861
38362
33000
54922
63290
56690
61056
55547
51100
36441
21635
40984
58789
50161
3940
11441
29947
27028
3217
65090
37288
54719
7425
34140
48729
60919
22067
28880
26413
53300
25738
37132
20710
39771
26809
44216
32398
20828
28443
15786
28652
37048
30514
34720
11560
4646
12475
61884
34399
9510
9020
61782
58466
7994
657
9223
61904
19618
19111
21933
59354
9427
57429
47552
57009
38489
24165
-1
61291
50316
57644
50114
45369
2642
39385
29966
63210
58286
39744
62674
64143
56535
17211
60428
7204
58432
11359
63849
21182
27158
61027
52163
26986
8653
59564
50159
12076
33579
1473
53488
25232
15828
42673
24304
8114
57073
46867
52873
37772
51455
40047
4179
50172
33224
30498
15952
51590
47443
23077
37780
55033
1483
29841
38544
30375
17532
5055
5591
23695
17976
47401
51473
26352
62884
62910
13740
2113
31667
19734
10233
660
20042
28640
53038
12869
11774
37504
62640
26065
28004
39029
63597
46538
52682
15775
47934
22882
60388
5282
33439
52904
46186
3820
56673
30563
46118
47286
154
9095
60442
51041
56445
32294
42321
40034
36571
41212
55116
55677
30140
60194
27492
6853
17450
17740
6833
27694
58232
18202
52934
63731
61109
58441
52578
34230
7179
-1
55033
43047
32626
31377
28520
1551
21937
5405
41791
10275
23826
18918
36498
11658
49046
51785
58417
37123
29804
53522
54526
53739
36028
62268
2028
26712
30776
12132
4242
40012
59960
32883
13260
1258
38026
63111
11464
63366
51015
20884
47667
2285
31280
54676
36692
34609
44987
39221
23632
22360
8610
3639
4407
58709
35422
28010
49069
45613
48221
45936
43316
39663
24921
37424
13813
11310
44266
38967
21958
16880
6075
27690
16817
26906
64653
10074
8713
45873
57098
25850
61987
55445
13557
6598
2933
45710
33600
41621
10053
1810
49725
52249
60294
36303
15303
44811
33776
39109
39880
61451
22491
8589
20902
32002
8754
21238
8528
42628
49298
54296
43020
51787
16079
62916
57009
44440
45028
61746
61551
780
17
50001
60615
50738
57073
49535
27509
24301
-1
36738
35989
1928
25876
2597
32036
29139
10302
62878
43340
8362
59668
55093
33238
25866
20017
46930
44095
54235
63912
26406
41710
27543
10217
8565
15055
35546
41650
5267
15303
606
48711
5099
5075
38259
43703
31633
11657
27513
60916
4445
5733
43686
26261
24039
62275
37221
61776
19589
52097
63806
16839
2131
33533
60041
34457
4841
21623
1304
24775
10798
48757
46275
47707
48976
18772
2099
18768
34339
1504
50476
39988
61078
8848
39651
4693
8393
15841
31718
60460
55667
15947
62138
40290
27808
28836
41355
27544
35988
10306
62737
56593
42629
17670
36822
34681
41822
40294
22686
7393
2314
18645
22757
7081
15448
57154
64110
27925
27828
43642
36471
41163
26125
58943
19146
9042
36130
55034
47719
30129
45082
50194
35405
1394
20534
56879
33166
1076
-1
37661
31582
278
41907
1605
44990
44206
47060
83
47992
17455
2668
32315
41591
26391
36853
3433
24003
43291
54202
20693
15138
9565
4541
49322
27232
46794
40095
1917
46260
24870
10568
591
35635
39505
32428
13125
1572
17551
48513
42143
10435
64334
13328
13764
59392
63680
38627
17730
14808
36445
35925
58738
14118
22014
54633
46460
11273
22210
10841
40233
6545
17451
3841
58010
1264
45539
56115
60320
58356
5791
7779
11433
45314
12706
61292
16392
56875
39814
61288
59509
56826
60094
12419
30057
18999
47247
8437
6590
64056
42801
2945
47333
4477
51785
34480
48217
12298
203
32425
61668
54818
43326
32694
24512
13766
55380
38460
11534
54177
29150
2065
50035
63588
13020
18137
28315
60308
1091
40130
14156
30056
30571
48236
36500
41308
31046
14727
-1
51329
63217
59382
39647
37436
63710
25174
24939
16098
16760
21390
64555
29957
34730
29409
46226
47555
251
46752
24533
56432
4879
6741
24668
32974
39320
46050
26073
14033
54618
25961
47421
15785
42576
35716
12606
60804
63087
29259
41470
14815
36237
5984
42985
37791
57325
47443
20986
31626
12281
25583
13858
40371
24519
44109
60959
38385
27176
25123
2034
10244
30328
47902
30824
29990
57623
1952
31407
28062
47922
62633
64045
486
48906
56042
41858
53979
422
19473
33137
3190
61485
41895
61737
61395
28615
5391
23828
36060
61156
35266
44651
30958
4956
53292
47101
32352
59
19762
24664
1698
53067
9124
41789
60414
5615
62902
25920
26789
34559
3047
1726
64898
423
46473
64194
45766
61146
44634
55927
49401
26071
38807
6858
32393
23385
6111
16685
-1
38089
33928
34869
40502
38837
34032
30747
28084
4244
28809
9734
28296
54686
23
50073
11856
6766
62
52765
30417
24783
63974
41659
14926
3086
6474
11505
54244
36368
49708
21672
50686
51655
63510
55158
61475
27311
59784
24679
24288
44321
30973
45711
4846
17909
36784
45906
40627
49338
32554
7931
52508
39669
62640
21157
41405
9126
5272
20432
20839
19988
63761
20266
10605
4577
16785
45089
13658
59770
62757
51648
34359
9205
44724
38648
5829
49765
15677
259
60716
52566
60799
138
17387
18751
32328
38971
4804
2162
15509
23243
49805
52979
48065
56696
36555
63037
44647
58094
32472
33904
65491
18170
16171
33804
11187
59138
8716
42999
65146
15955
11911
359
51416
32422
34152
27841
55036
51358
60068
63317
38960
54598
7769
41802
35306
52571
35849
-1
11200
38255
24482
62835
20866
2825
52748
60514
2994
851
11007
1723
45329
54686
34064
24806
11454
32393
33269
17363
26354
35337
46221
9678
45669
6719
42573
22179
8407
64160
20082
17336
40715
58854
49070
44237
31972
26603
55736
40302
29680
38467
46391
2606
13553
36275
17296
14661
5655
51865
60875
55410
11048
3895
8735
11237
26954
10637
42676
24130
11568
50557
6465
48839
60930
7252
6121
64788
34580
64990
25172
15376
26744
43435
61229
28388
17508
11638
51982
52197
11385
54467
22258
22375
43612
4098
56510
50707
33295
50882
55584
37837
33455
33813
24964
26481
20460
28215
31562
29836
24817
15909
48895
31411
56825
55647
37847
16236
25279
2260
48257
36680
65187
31870
60481
37100
57711
46123
10144
54836
29203
57702
18559
20255
59132
35486
61283
42605
-1
43231
24295
54379
61438
12971
61993
19121
3793
28823
27588
54986
44431
4304
55521
41465
5399
43935
1467
23588
50254
9387
55428
50791
42123
20318
11959
33899
56861
45800
12822
20087
15773
38225
58627
54865
11735
9716
53883
54141
20632
55368
48653
12848
7884
51407
60857
60221
60523
8832
7608
31242
53783
1736
60222
62467
22659
4896
40990
56486
8026
44239
32845
19753
59826
59512
40689
30830
34368
45704
45902
8033
13703
22808
56658
29870
60602
48756
54006
42376
45673
44407
47435
42892
13768
11139
57483
59016
24343
46898
30982
42249
28537
21744
20714
9982
33418
2569
46210
6094
7549
38485
14075
32681
34171
65188
14657
27888
10379
46639
11693
12134
45073
17756
24453
52976
55270
20137
20040
28370
5439
37947
37451
59132
18967
5850
42313
54884
17939
-1
12901
6608
37747
63040
37177
1264
40880
23271
60308
54370
56240
43985
50128
20100
40553
62881
29121
15487
2478
64366
8651
21380
34350
25769
5665
19031
45234
43513
18845
44959
7718
18688
51762
11232
14936
37079
52866
26996
341
5891
61775
12927
12767
54460
41746
64658
17619
41176
59260
35830
17688
13374
31015
53180
37110
3851
8308
51750
48299
59042
572
48639
13420
29793
64230
41186
46172
43458
35658
41106
13802
27114
53534
12340
39253
41568
60647
43629
15434
33430
47142
55958
38390
41815
63285
46438
39169
62558
35142
13541
31112
8227
51046
17046
61700
41151
33485
24868
23108
3046
54504
65522
32484
21600
19590
37255
60690
28596
48378
45410
20725
10809
57167
34698
39312
19741
54229
8027
59308
30488
40805
11959
10670
48241
38416
53446
59692
65259
-1
18495
25966
147
50557
26414
51305
1139
20525
55497
45775
20246
40233
29967
13718
7071
6221
60714
7111
18019
11542
48092
5175
53578
29977
37432
34486
53470
4390
26990
4481
40422
17052
38942
42522
39013
41270
40656
54072
20721
9401
21257
31471
34081
32023
50963
58300
62229
42698
35188
18672
1257
27957
65481
15807
46552
34269
59643
34472
10116
64531
12726
37533
64917
36382
5264
33590
48996
28677
10851
60336
53598
11640
12671
45031
36640
4386
28587
26850
16703
50174
26342
20582
46657
3426
39267
27484
19034
25813
37991
27363
35985
50501
30947
15157
47099
25760
55867
10229
40919
1333
35922
15129
18081
11754
54148
8400
31193
48130
27099
61936
11337
55548
36920
13505
64948
15450
50939
25316
4326
51557
36651
4849
16524
34195
58037
53401
16401
8803
-1
49256
56496
63934
4531
31644
63477
15043
20298
58910
42330
30841
53854
38320
14205
7573
51333
43430
23406
54406
20535
38974
37315
51265
57475
7386
5948
21449
51883
58173
11270
61985
38526
48549
49395
17835
11845
50800
52402
16218
64416
63318
6661
44848
20429
2715
53099
47579
22265
51590
28387
30178
4259
63883
23716
47546
9272
40624
27711
18130
59779
15417
46352
44834
34014
59288
55078
18455
47985
11138
5214
38401
57105
7779
31477
21728
30593
22524
44506
45991
36286
7012
14399
21058
3906
47393
34569
24542
7122
11488
50008
24367
24722
8767
3767
17105
45266
7849
59463
27581
43889
11787
10842
48049
7182
29718
19952
39002
30267
45121
41947
48851
45507
29982
21874
54500
20310
49656
40520
18610
18088
44013
41343
10863
38897
27472
64111
25016
59667
-1
10245
26713
58668
61497
58119
17661
39060
38957
20582
46261
45119
11090
52148
17085
37135
49643
61847
59348
51348
29163
24584
13993
58587
57057
21257
31460
62660
5258
7981
623
14518
10619
41916
33054
49592
45362
49902
2288
58537
53552
52868
31644
38218
9069
55579
19420
50989
5926
50019
5865
36043
43149
17820
25660
855
8122
39579
26273
37242
46377
33929
3176
2190
32630
8219
17401
29501
43673
31925
40310
65189
32052
11978
60082
58262
36644
7451
13826
25800
29166
31124
40119
26038
65401
23645
22077
4032
54164
25865
17234
3526
46220
31441
54807
56718
6565
34632
46456
15546
3364
6741
46495
61856
59879
54940
27702
41357
25503
14887
27456
51766
53440
7193
62052
21806
48870
7153
61649
50196
49880
44292
26080
1057
20182
930
8377
36229
38664
-1
47578
36969
14239
42967
23771
58655
26648
25627
7827
59053
62954
42229
25090
41875
32980
12570
60446
57765
51169
43367
45911
65264
51952
63921
10869
38402
50809
20497
42143
36574
61484
33757
10398
64737
59048
40162
11716
59726
7491
16933
20757
3128
14915
24689
6420
52176
38976
23217
2222
33690
7938
14654
26119
9734
60869
29067
53235
7046
18968
44061
15465
1036
7790
17592
5608
28000
62473
10486
11809
51458
3321
60941
61901
44631
21883
46242
1505
56513
9447
21830
64385
27695
7270
9594
24149
52420
38836
28050
12890
10790
9139
12409
10972
61750
18262
21812
32560
7071
42670
5016
50306
5854
31010
20287
50676
54982
47149
7874
24343
49831
41924
11390
38950
11982
5357
52216
47557
48822
48138
6678
6014
16488
63467
60391
22875
22109
42529
2796
-1
3763
6697
42977
2282
57624
58359
46711
29220
62072
27494
51041
34873
18740
21511
51937
40094
36048
51671
18785
29253
26037
56587
23706
37736
18817
523
59421
7007
43688
55864
1091
7017
14613
64481
37469
4912
43054
6563
35189
21203
55588
44326
38824
2227
6551
7697
42195
46340
7663
52016
22532
1192
40620
62538
29225
47612
29579
37141
32455
37500
64447
20205
21154
42532
7105
19957
44001
23152
9265
5480
59785
58981
53168
13940
8880
2665
57959
18101
14688
61960
56751
5714
33923
40461
7430
25287
7639
24030
9284
54046
18884
23834
18915
39937
61894
23366
64070
34887
42790
35919
64618
41682
63294
32394
21241
5282
45484
15869
26835
4350
20435
22113
58485
63921
6963
57313
53410
35165
46315
32941
54407
63403
36863
49271
48722
5038
6129
933
-1
49785
37979
29605
39574
63601
49783
44801
44587
50077
24101
50667
8269
59300
10459
25247
29573
20495
9776
47018
65525
5770
7040
50682
64816
36689
29559
59111
24784
64423
13582
29603
58584
12621
48717
23929
64459
39004
51826
60421
43287
15908
37081
3268
17749
20823
27190
30571
17244
30067
2999
29208
31302
62947
27295
54003
21636
9721
39669
53683
1755
12914
12920
53636
37757
953
63570
33170
43143
63337
27686
12689
44649
38554
35145
10289
63174
56834
38124
10399
34935
49365
14876
39462
26578
29008
48244
52935
40437
17109
47547
17403
14999
57249
33959
53369
61221
50707
36895
9690
48766
50967
31117
34508
14193
5530
22094
13742
258
51710
16192
13382
63686
3732
47124
49568
22209
14655
33321
18458
25331
11703
17921
13441
22743
18712
26797
53717
34798
-1
14534
33972
31471
2919
60078
49901
28285
43671
28846
28185
2667
53954
38105
24366
32020
52944
55383
30479
41217
19480
29166
22790
15051
37010
21372
46523
8532
59620
49327
15015
12265
4131
64354
9259
34159
14912
3301
28508
13587
45049
54652
27158
55494
27957
65085
3189
19370
21711
53342
40746
38594
49420
59822
13033
58139
57404
57653
7879
33304
22710
44467
19209
8074
694
64241
7649
9869
12398
45814
23950
48818
5392
14164
23543
1826
42717
54030
37771
34736
60988
20465
1989
57898
2022
23988
36462
46444
40182
53226
15115
26283
46511
26689
28968
29260
27300
7892
26562
58310
60607
47481
23609
58823
651
17210
47104
56805
10923
27978
34331
45784
20918
10803
63848
5139
9926
22733
5618
26935
33198
17354
39732
34296
17340
26830
2111
49175
46128
-1
55013
48149
55271
11356
7165
3934
4410
37554
58899
15557
13129
17604
51875
27022
38073
22337
27454
18750
23399
3354
21522
60478
41168
29051
8689
27671
47712
9067
55297
3367
33926
56247
15619
49973
37758
13756
56914
1045
35828
48719
31730
24268
20664
62465
35303
35592
28079
9151
62928
12356
29788
13212
26729
32185
22270
29795
13860
25044
26796
37239
51489
44223
8999
32005
62877
5364
47643
64952
17965
42291
50104
14911
27364
16351
17443
59444
16262
24473
19139
23524
40793
54392
62488
7725
24705
907
20550
60501
51947
33284
15502
57606
63835
23999
41480
13773
37178
23350
31670
41883
19392
3525
2816
24648
4652
9771
8981
39046
27402
23921
15874
4172
8698
31500
54099
19459
6360
9621
12230
24388
26855
55888
32339
8169
47454
29095
23892
19824
-1
48411
56367
51419
33976
36151
21626
62226
34849
218
60462
43555
5382
502
19993
53835
60527
48994
29700
6280
26188
19192
49327
19391
48749
13558
53511
16459
28715
18497
26122
56440
45228
31302
6917
33994
284
23210
37645
6352
3238
24392
22653
15495
27162
24598
154
36390
64849
36935
5535
34916
5240
44091
8300
58827
47916
26271
33512
28073
26553
12265
37024
19015
32781
784
16307
18780
48484
32661
46164
60090
35891
43372
7643
51482
32437
32091
10651
22005
41714
11839
7368
35807
2696
50821
20299
6072
65080
27498
2329
26665
62595
44728
10859
28723
39055
9092
26724
38457
42886
16792
45275
10214
12792
17959
43255
44175
19407
63052
14986
41524
707
23821
53159
65489
62194
16010
7142
45388
8460
32358
54768
42201
37041
15385
6449
16217
31941
-1
34337
61058
42977
65102
44490
12055
33354
59421
34458
39525
42244
32222
61252
38834
46981
62345
94
37439
64016
31787
55671
53153
38677
24308
37522
31569
54338
38795
37037
740
18778
48722
29410
54882
9281
57823
11733
64328
4612
12864
2138
53850
49382
58092
7560
57255
15664
48673
59362
18548
36733
47624
35382
31240
46104
61850
63945
50387
3766
54800
2429
19788
39931
22546
11078
25572
52331
38663
55285
33597
18751
57970
59651
33980
49149
49212
17206
15071
23952
13163
37389
54735
64546
25470
53988
13177
22587
20893
29368
11583
51436
38233
64515
18665
36699
46846
37079
46398
59768
41107
4835
40927
51084
269
21773
65005
2040
36887
1344
9945
3849
11853
43899
3838
33126
32160
54187
36145
27147
44582
12663
48611
46308
19128
54821
49415
20397
57975
-1
40600
55683
53444
44839
44544
61109
42210
15578
30308
15024
21021
7829
64515
22730
57143
58585
1600
46185
41750
51567
7122
34218
16425
61944
38296
6555
22662
43541
8954
61753
5175
21882
48994
52787
61023
60637
58504
38632
60450
53816
46576
4765
31237
43417
51872
49830
58558
47025
32500
2067
2127
38010
25418
46147
38588
855
5272
8683
42141
5809
7156
9780
46038
50133
10402
25
2109
25096
2070
17212
60681
49358
631
11264
53840
60038
16173
13203
56232
62096
9588
64865
29839
1251
11185
46998
20178
41022
47688
55920
50216
59075
50871
1633
36714
53655
62639
25943
25019
30893
37326
10931
45185
27354
32560
30815
4677
54586
28896
43912
8610
40399
21406
42506
60614
4490
44132
60698
9189
5179
31086
3804
57099
41648
23116
59446
65190
7638
-1
58985
12278
46371
18766
57610
44963
53222
25881
23001
4001
49907
9299
38118
61204
5347
7716
29809
26461
51248
55504
14386
3307
51034
59544
37604
19065
33426
20711
53221
10013
18374
52866
13389
58919
51290
3795
23475
25527
23306
64992
26589
22768
19208
56682
62661
24347
31428
12305
60115
19618
17595
23540
956
10684
36683
49150
23007
10201
16222
58778
64280
31192
28454
22216
20267
1034
38718
43605
25282
7685
10474
43902
38581
3104
3762
52675
18554
34838
14246
63266
26143
21206
8356
56924
50371
48444
31337
14050
4534
4054
1129
59891
31294
16443
15632
29550
63436
18979
46962
60785
38963
24389
50114
59910
38591
26625
45100
44341
3022
35419
50426
44602
13400
60471
18982
60068
63485
15921
26665
33826
44447
21173
3969
2884
38633
24441
60873
52420
-1
2062
38439
29748
27329
56219
34802
44929
12450
3535
37363
30110
55993
60556
32614
52330
33716
35658
38860
563
36802
36701
10510
18326
18664
32556
20545
22151
28109
15375
53654
60685
17643
23829
34459
22667
31125
27658
52115
14362
30799
60313
26356
23504
40795
38456
47384
24187
51351
15742
3535
32233
6731
49992
41865
16030
5351
22905
62139
60834
38973
62683
47969
27018
56310
9206
28152
26786
20557
54254
57757
29479
27079
61876
45041
212
9639
38689
64717
32409
63903
34408
23253
62680
40231
17912
40884
4256
51786
60430
5931
56632
23308
59946
33188
7333
51677
62311
24985
51246
32546
14359
14962
35808
32806
34797
56860
29904
53636
15680
49536
49845
59664
60085
24699
59552
62726
38833
54184
34242
51312
12330
44101
30243
15984
53086
34096
30930
37057
-1
6741
53800
54382
5580
35705
1106
25007
25536
4535
27554
7856
4952
6890
38913
60428
39309
1777
57359
49542
30797
56826
4212
40434
59972
15612
30350
32325
50515
42995
1470
20327
11125
18393
34627
40383
13032
5840
23732
42742
34471
5857
20699
34523
65294
47423
10854
32461
40777
40034
2845
53719
13441
32811
21281
59719
8579
13160
41434
2668
33036
44665
16732
20083
23527
31101
16561
14140
21485
9784
14664
31064
17060
41327
64860
50470
7262
7122
21553
34780
29006
32609
39288
60101
50141
31056
39204
40615
43470
2175
7296
12127
22524
17109
61575
11438
53703
49478
57926
59560
29310
51759
4391
20022
47326
64138
59060
54289
50510
12124
54646
37381
35921
21582
12006
57222
50165
51760
33848
62194
15677
37217
27344
12970
47073
38510
59279
39526
1163
-1
32609
30656
34162
59857
38591
9328
54442
39320
10454
7583
45710
35755
61081
3620
35167
61186
21495
14827
46619
10758
48130
51736
13117
59758
28387
12671
64269
63836
52237
7016
480
50418
4558
18209
40582
59314
28393
33213
45624
43756
59907
15407
18381
7870
45483
12432
53970
26635
16072
44574
11578
4853
21108
41736
26023
41810
63435
8789
8286
63974
44343
9043
24348
40708
62425
34384
494
30053
61441
57660
53167
13702
43617
36
4876
23246
65219
17431
32488
8897
38957
20182
53378
31252
16789
7943
57754
34258
58799
38963
32375
4056
6967
19378
41155
54370
64512
4847
43868
44486
58087
37931
61510
5017
25679
13179
59829
62707
13834
6935
9722
32797
18962
34371
917
62631
61698
23317
5739
59035
18683
21537
4566
13722
55871
18355
26842
45432
-1
15060
14231
5327
57664
63326
47952
62107
63120
36365
9495
53593
45996
63113
6149
16900
29338
34200
7381
56927
23325
48556
46656
22856
28588
8715
20521
55790
15463
6330
36377
40825
65373
6325
32535
14024
46288
60338
1560
51808
550
25934
43931
54258
32441
2659
31414
37711
16094
39529
43438
26913
37937
4956
30787
49201
3201
54376
21924
39101
51716
19621
6812
50945
1244
35925
524
56269
30043
9907
34288
58774
44881
30032
56789
63862
4269
20583
56009
20687
27816
6204
39085
39789
3532
63308
251
15912
56946
37337
48088
51371
28458
31094
46528
21356
17771
9049
13350
55241
47933
43580
44657
2576
39345
50910
417
2515
46597
24268
57978
21878
30394
40236
19527
63803
52902
62195
28473
39640
8041
6483
47294
13879
13656
18277
8046
59536
12986
-1
38472
63686
22532
49433
47603
30761
48345
52485
65130
5485
20966
18386
19307
28589
14306
38821
39631
28800
22594
23562
43340
16014
3136
61302
62420
57385
25896
23249
30637
616
11832
49215
8439
63024
17126
35481
26374
38730
22606
62517
28636
44176
16031
44070
6511
46004
63119
65412
20137
64396
21682
40697
29371
60147
45920
46693
35109
48436
26688
48875
47543
22415
27782
48785
45557
60778
4470
22625
62412
64141
58652
2888
50500
28156
10127
33829
38648
49457
12492
56122
8476
59481
43728
22895
32962
22338
58214
65343
5507
17208
64623
6535
53361
32184
24758
34810
9534
54858
35602
30641
31635
53028
18649
37724
35815
44250
44350
46182
11989
58421
53219
52354
31526
12122
34493
18174
16676
6482
22976
19014
56315
26404
58013
46741
11960
31658
50095
43578
-1
28423
40464
41096
63302
17229
56368
4495
12246
44062
26376
33473
43164
1204
18083
5360
24754
7254
55238
40891
15541
6756
41719
4883
22586
33749
23232
57329
9843
63187
16453
13197
65421
7134
17440
28615
27078
4755
35814
49651
10791
25939
8351
21630
19163
18485
15494
48589
12381
38683
27669
3601
63300
35249
14661
51587
14432
7417
45339
18693
48308
9461
10866
16866
59421
5873
53647
48799
30352
19161
21344
56426
11581
32641
31811
32036
63382
35009
35633
10313
14497
54259
39881
54730
2872
10279
53249
31871
2897
20711
46752
2650
11646
13031
36420
5661
33977
31690
34574
41817
34127
59270
13875
29703
50488
24918
61230
63422
51871
37694
30470
16825
61310
14353
38638
18415
55983
36232
31560
39930
16084
17114
59595
39941
17514
20676
64188
1339
59761
-1
58039
40532
62101
21793
47150
60646
18147
52620
36723
36752
10064
29294
49633
210
59924
30243
37218
53938
48307
11529
37636
63402
55974
25078
54241
36098
7288
24677
63226
22487
1009
43638
57534
35473
49140
62372
4343
28431
35956
34721
33584
46855
10138
23705
30800
2705
20882
25404
36747
14762
15305
58980
31637
8529
39219
63437
6731
19201
4751
22745
36013
58695
42618
26673
25873
30563
18561
26143
41835
27142
63136
7528
28351
20028
15484
26558
56060
43464
32583
9502
23872
20322
59039
23023
26781
4655
23599
24539
37636
61145
3825
51694
43923
51770
29420
14547
14347
10377
59237
65201
55956
58113
4029
54754
45869
38597
51864
21540
43583
7478
50173
48008
57861
2120
12337
60738
28872
53658
4539
20666
42345
46550
55937
63936
43921
64204
40392
54896
-1
33566
46539
2604
61203
60760
38998
18489
35093
43716
40995
40758
54843
5570
38173
62236
48977
45668
17993
52172
12133
23957
28740
11217
40401
29124
32728
53947
9407
29522
53874
14667
2432
7667
699
57411
29990
21227
58886
23940
50221
13824
17842
27908
59706
63912
2777
14865
6897
62779
16386
48685
49605
38969
13632
29866
20661
6302
55450
30809
58947
18246
10834
42256
54092
55747
39268
54987
8537
47217
30995
29661
11994
42870
53187
12213
8377
8082
48973
60058
56506
58400
16468
44987
34396
11721
11891
54380
29740
51088
35214
55796
4419
49412
13505
37662
50200
4225
7194
57483
5146
27879
43027
7366
30581
34067
6440
8874
33874
35516
33075
24204
4004
34150
21931
42090
41468
55360
5841
22093
32396
40511
19210
387
17253
48761
17044
44396
35313
-1
52054
16297
56766
7133
47241
9420
24620
38225
46000
42485
28686
17559
42637
23671
3573
65380
32176
56939
431
4791
23896
18647
55930
41263
32568
26939
53271
3585
25750
58561
40272
26176
1823
9824
32961
56823
1642
56133
15415
49732
42914
11956
16804
56347
43152
43748
30367
17589
22879
35588
10088
33539
30019
35185
37028
51678
57384
49008
31069
42413
7819
19450
7375
14945
65173
36734
26449
31274
3148
49743
53114
42483
29322
47102
1957
42875
10312
63585
57244
38006
35436
60304
60946
35652
13697
63016
65470
15068
12399
34167
29940
15694
3793
11659
54354
46952
17296
16996
52324
48322
213
56077
22637
24648
56266
9468
30870
56536
4330
87
43836
944
26879
28969
7923
32307
54117
49628
20512
54873
3432
23187
9950
35991
25307
40372
8758
19538
-1
53345
3655
64760
10059
17993
799
47033
16555
44216
36083
62030
28467
37363
7102
9867
32704
58955
63596
42620
904
28520
6026
40332
40191
61361
59408
48297
19504
48059
49
4277
55685
41833
43494
30199
15745
60685
1141
37791
64357
55104
28344
16851
58744
3433
12548
33749
2103
19782
30717
19613
16627
18023
50629
42926
7665
16576
42563
54333
58775
34943
27759
2729
34809
23959
27068
4933
23774
9871
41627
43327
14578
50168
50520
27851
35673
2948
18265
35512
28162
56892
15986
1806
55342
3070
2269
56691
53782
51124
54890
47399
48814
25
55883
57605
34635
49644
6433
14026
28380
38236
62256
61190
32594
49122
53150
11513
55325
30513
3734
63388
25728
63396
18994
15332
47427
41751
28922
60792
35746
334
4930
23
6668
32671
52684
25672
16013
-1
35934
36181
23241
51813
10073
28587
60934
20362
42174
28670
36940
63029
44550
35153
1714
577
14087
45036
33521
52190
941
339
44259
14038
26724
2658
31912
6038
36649
3227
43375
62346
59196
13153
25926
31148
60489
38192
26495
39854
55307
23459
43424
17660
49304
44167
38738
30375
43124
38013
26047
16422
15173
45854
62910
26170
43231
6388
50800
65235
48667
51802
63775
7441
2428
7787
24864
59847
55502
27025
41051
32422
15210
62593
10008
63467
24848
65049
27926
9687
64800
40208
44005
4013
17088
56542
19310
17821
57307
719
3749
44985
27400
38698
61569
9862
55968
21813
64049
24368
42363
22536
17203
24926
28371
57530
43221
18456
13977
12419
43876
43768
19121
55309
29094
1560
16259
55006
23006
6382
35492
14925
48084
56944
43291
13522
15025
8200
-1
42486
62048
54447
47217
37049
64480
6603
60118
16028
2704
20926
1008
63366
45628
4523
23672
61980
50981
945
13563
16005
24633
25064
55843
4509
34834
47360
3132
49000
11211
33964
2317
28417
59228
11997
2336
36198
12977
64657
57499
12852
63517
62267
23536
63398
13613
42880
2226
58491
1911
21667
35359
27502
56097
64226
62556
42180
17207
23184
58188
4059
27319
12431
53633
57849
6450
1502
53404
26168
17084
63551
60552
5603
32141
9473
51507
53027
21493
31736
34790
33689
44906
40761
17382
11620
9124
20252
13236
18873
62067
51676
34229
61139
59568
27453
43045
7992
35268
59133
3802
47869
58246
35783
15337
38166
46507
47349
35188
37720
8876
55592
183
20201
39834
8339
30512
50648
9192
45175
3905
46160
64199
25297
17326
35995
4724
62480
56842
-1
2111
3486
36671
7993
25119
43814
44331
942
39513
14577
6992
56908
44965
1865
52045
57549
40754
55896
4818
34914
41841
8812
7265
64257
9174
22327
14523
58976
10729
32877
30086
65152
52809
65402
31556
55427
34936
53770
64525
32515
41364
49818
63540
53589
6148
32600
33403
23568
19329
14302
34204
60076
28825
58572
58589
61141
48662
15035
53256
65450
26469
15234
45138
33657
49434
47516
51401
46106
47396
1091
30426
43648
63496
63300
24656
51275
50213
39273
64750
50055
8066
41553
5265
20176
16969
40293
50326
34918
38260
6390
31596
36013
63206
3310
29614
36810
19608
21169
63165
38546
34061
36023
28940
52965
4193
6848
37331
11400
50135
10659
3291
8881
304
58144
47305
54068
4961
28325
7189
37018
50072
21863
25971
10502
35324
54470
33302
35600
-1
25140
6797
47270
50336
52405
39057
27903
22403
38905
47043
9406
59749
2347
25815
28855
1957
27581
7331
39765
51222
10056
31488
1325
20765
28866
29189
16715
26156
7221
8091
47342
60339
25855
10765
60939
62670
61659
58479
37089
31253
52625
4462
8871
44414
51475
23453
36447
10992
52287
24076
32695
3819
8258
1831
63931
28184
23233
10601
22214
63221
48928
6829
50698
25594
42014
6424
1066
4610
60467
39789
39458
18585
25337
34577
62552
14706
5428
55909
53555
36750
16301
40636
48029
1283
44825
1562
30409
4311
59392
34459
1077
4354
39211
57494
8576
13202
50084
16341
8116
34289
60979
32010
25775
56414
44420
45261
50146
12899
40844
52683
1500
48951
44387
25369
58601
35906
25280
9067
16671
23213
23677
19282
29201
46089
47220
42532
51903
13779
-1
12443
18333
64605
37837
22966
27255
40189
46197
51078
57897
38351
41002
57222
17456
10358
15648
34256
4103
54605
39475
25898
49614
34528
39089
49499
39354
26496
35683
36653
20343
44278
47349
42662
28207
49461
4179
37808
50941
32831
12541
24515
27052
21982
64558
56524
43275
37067
64192
40702
18697
10947
6372
45308
30448
35170
33929
59427
21164
3447
3948
63734
5055
46230
32195
31316
16610
27602
4555
6838
27754
25109
65463
14340
24908
9073
62339
45242
2453
45252
26366
8638
17543
56244
12686
27684
15427
63614
60294
40798
37346
2305
15773
18969
18418
38334
43364
63100
57573
13969
22434
33583
47486
16787
35185
7523
48140
65351
46038
49068
13420
1559
57687
57041
65385
14641
16132
23613
25653
1425
10011
33583
6707
40123
5397
14051
31593
60069
26895
-1
41056
29531
59614
2258
4471
26301
26189
32574
45339
29481
8318
3766
42994
34348
52188
6262
21474
10277
4073
30130
7912
29169
1384
58482
15469
10847
52735
24680
38129
61253
64268
44941
11937
46741
2379
50135
53213
55292
60459
25392
40204
60232
39916
40092
4534
12767
9539
32360
822
18031
46035
445
29054
49302
49184
25192
26122
34038
32913
18600
38665
57660
25625
50841
28580
41029
59819
64986
1591
54409
32305
53802
23781
34862
15815
33898
25462
49441
59307
1926
31241
21604
19716
43813
58665
41921
33354
30643
28083
52832
33325
62116
48398
35092
12635
30543
54889
38070
31814
8829
33402
35040
46958
42699
32825
18741
48033
44315
17535
60428
44273
42248
53186
22299
55933
9500
28291
65265
31783
29756
55115
13947
21377
18338
12316
64586
18709
63060
-1
20639
2733
61972
63265
32028
43143
15400
52974
33302
4960
35328
50012
58200
34070
64363
10733
57400
51790
44977
25174
64928
22488
54806
20186
11606
3695
46827
18762
47614
21494
64639
27298
6816
63577
24823
32720
49310
2943
33704
19013
44828
21054
5002
37612
52877
57945
30218
61575
31386
23341
64635
45591
7971
61370
49795
36753
15901
2717
58141
22056
45131
42197
47044
5858
47111
54635
46130
43609
26383
8275
33517
9633
37320
5397
45444
29571
3769
14829
17196
52525
50852
5725
38851
28437
30577
41128
43522
55101
18859
59456
1530
44994
6754
28248
45758
2482
6872
49801
65355
6747
6834
95
35528
64647
32203
45085
12657
57257
53409
51902
3578
3323
55127
41558
24121
14935
42022
64990
62018
19827
22705
35128
31079
56816
24215
42596
53265
32590
-1
52520
6618
884
50591
33107
11976
56979
17576
21947
20593
32151
33220
27443
15874
31389
24747
28567
28092
32575
1550
41664
52734
28178
53629
52656
5077
11594
24960
13049
48834
30759
51088
8341
22527
5058
29774
28113
60889
8148
52087
54173
6169
24443
32379
786
19293
54661
55902
10439
393
14337
53708
4353
30691
18718
10357
8609
26997
14933
64845
28110
36832
62211
52730
20442
34749
13598
33214
23479
46180
16416
779
59906
48223
49358
6612
9829
35695
304
31439
28103
47866
28507
11671
22515
21936
62794
3396
53031
54282
55116
44042
7272
15366
40126
62397
20579
17759
3734
36087
10751
3482
31197
20219
22238
52265
52226
14683
12274
10214
12932
46231
14724
37518
55383
40062
5038
39268
48574
48755
45384
48694
60693
1332
6077
14968
40221
30950
-1
23667
58590
25744
11273
40573
54161
59800
59359
26851
21758
38763
20005
2961
34954
61684
32435
64284
1729
47687
30034
12115
45491
14718
39915
64285
12562
33371
32219
4999
51558
7930
60861
17287
15560
5088
61234
60404
24608
7365
22165
58554
54935
44953
26097
50924
9539
7102
51227
5753
451
40825
12358
32495
7203
863
10481
25423
30883
4316
38052
23806
28633
55292
28705
45153
25513
47654
35431
46490
18631
44205
19084
24009
7910
16441
34827
4892
6649
21183
48117
11886
17241
51615
39477
401
55535
5050
661
61768
27604
56736
4439
2170
62856
31465
16730
12147
61530
14693
1834
60556
18744
37874
41879
50716
49824
26791
54745
16007
34076
15643
25124
49323
14330
25370
60260
45954
15137
49853
34997
32751
31611
2626
47680
13933
46579
11162
27005
-1
41890
17208
60005
4115
36180
52940
60525
6933
8511
41111
23123
51520
51319
18398
60357
6668
28604
40204
52749
29039
47854
45341
58221
50973
36744
13613
29434
49021
60496
42830
41478
34703
49898
61085
23915
60755
59116
53217
62024
7803
64807
44488
13551
31363
1768
63801
54632
60149
51078
25216
38244
45947
38807
14068
63298
15276
51669
35490
51459
51610
7402
9037
2989
52548
9017
40490
38573
365
47448
9271
49846
11769
50215
29147
22227
18001
24337
19822
18657
8464
26535
498
27472
31950
53727
40280
39149
62379
12092
20778
17198
17949
30772
4747
24075
14532
25922
1169
4830
5455
19811
60615
9352
5722
1181
64355
55198
35744
44043
57148
21193
33345
7317
7482
2788
56270
55776
22412
59303
25160
44224
23148
31235
17188
45649
29570
52562
53327
-1
60964
34692
36870
31200
64467
37948
24358
6360
65067
37884
36445
45610
27946
59707
10987
3061
15170
4661
27013
13825
11078
10444
37410
56282
35807
7073
50625
45182
55905
44101
10801
16735
13854
32674
47749
51684
48092
61673
35258
64536
6099
7846
2642
32012
27489
59945
39690
25243
20567
32535
52546
58093
47093
26681
8689
24117
62080
2979
31051
63937
49052
31019
23475
65145
47194
5547
33875
51591
38317
36948
60032
8419
112
930
1001
55091
24376
22413
24469
60972
44473
21704
49359
44685
16315
41549
40535
17387
34780
10161
51592
10754
60924
16806
13326
15622
49527
12628
35844
17042
42833
8374
5722
47716
35751
48165
35711
43202
43913
23338
48654
4369
7327
22561
34680
24973
3970
28304
10364
63361
44854
29406
24660
29480
43479
42775
24723
53519
-1
41936
29220
44471
36100
25091
58517
15755
16366
1810
18253
18958
52985
18901
55091
4057
33628
62957
63542
41968
25949
62518
49950
35189
22698
57433
50236
41570
33688
39410
10478
6861
42210
17367
5100
48786
22015
62245
25024
49449
33308
61507
34553
13407
14481
9572
65228
16949
46655
38109
14036
15747
51113
1789
18448
16343
57634
34985
6881
41698
6139
15524
38411
6753
3013
3180
54129
38952
51218
49151
62654
17699
27883
64083
3662
21415
1365
28965
16857
37890
4350
52733
4091
38513
16607
52330
24852
15508
50877
23193
11168
50600
28451
18464
16244
34206
46519
22341
34693
59869
42513
29177
41008
41724
27468
5620
11487
17983
38722
63336
35659
16294
42618
46725
10716
8796
35547
11613
60577
48155
18426
56670
44077
21682
7204
56479
20152
60281
50266
-1
19098
46674
24865
17094
32959
62391
26745
60522
39618
14635
6641
51187
59376
6809
10667
58984
8227
26861
26247
26409
19179
14896
60344
9099
10102
49346
50692
64225
18346
55606
39003
6292
47181
1002
54975
49282
39607
5859
23473
1029
6803
12825
21538
23372
6915
37616
57623
23632
6291
14314
36420
26771
10530
45999
60322
21395
18158
30746
52133
44155
52040
62721
27199
30505
22345
33019
34334
11430
7660
54981
1576
34838
13196
17324
6691
53969
54090
49535
41791
28670
41937
32654
62928
45566
40659
40639
37129
12898
7801
21710
50271
44312
56280
46025
43685
64569
40247
29273
28907
23860
29221
39457
19573
43462
45805
29943
35359
18121
52344
7589
60265
51025
3226
22073
45500
53073
48060
63613
23212
14203
48774
30274
59480
42619
18046
52662
32040
12577
-1
1699
5267
20117
53666
11300
23532
54687
62513
33630
59739
3878
55716
60746
25207
11859
23615
22701
33528
1274
33694
6832
22092
21684
25721
48671
28027
14756
13920
36775
47958
20647
11981
59877
28493
44021
11792
41343
59424
46770
46857
22450
16468
50396
61432
46594
14502
6608
45014
27375
33967
46048
31740
29310
1827
25561
37297
1391
30808
13650
2485
3668
39717
32394
51495
53300
45670
47635
11564
65120
18516
55997
23674
50882
40471
233
31484
51106
20360
10825
16078
25091
49818
5800
12543
49300
19306
47406
6646
4969
42408
53640
20152
45494
25134
42045
3295
65005
18681
35933
55638
53465
60601
59323
35478
65203
53632
6225
5904
455
53843
3894
3832
27752
10531
18923
35644
49173
1177
2042
11760
10981
61865
14746
50098
52761
10638
11968
61324
-1
62180
56212
6670
60661
1415
2983
64953
53221
14072
12547
61662
47326
4615
6066
6408
31102
12740
24228
49669
3883
3911
25992
59842
52698
52779
25389
46661
10967
6761
55106
52365
19486
64473
32937
58922
27847
17415
48286
52021
29474
41861
41285
11444
35558
46659
13046
42886
45450
49270
7900
2664
42864
29700
15790
14163
14356
44254
12039
47459
35909
52004
44122
41727
63327
11621
34730
22777
12195
50212
26658
28041
41519
61278
40565
30629
5002
36064
31600
14769
8088
19533
43862
1961
22618
17139
18694
5445
62247
42978
56992
6210
17206
26582
25679
49485
22987
12172
54190
12844
35698
9914
65419
39136
46318
47163
55947
39416
4507
8310
30914
35441
30445
60302
44339
17822
44129
63115
46516
26281
12663
11845
24583
37915
21049
14469
29131
32629
25135
-1
48615
17864
15353
44877
14318
37099
63221
19668
13887
64905
53944
48377
13981
23424
60931
20687
28859
11248
24458
59298
7299
45261
42165
62546
6763
31711
52061
12067
5455
10820
9744
35743
42367
22831
36463
7940
59117
31322
38341
27344
28391
52981
56211
36285
4730
25327
15168
7921
34496
35201
63199
33967
48233
25732
41589
56222
64374
48959
48728
29045
5972
4869
26065
23642
46324
60532
9514
6532
58706
28500
5463
41327
55091
44915
52057
62702
56529
38985
43672
8064
55920
53406
61318
22723
10107
48195
4869
27362
60043
61975
52878
37664
62433
50775
952
15841
40124
1765
34608
26784
3392
43355
60059
55842
24613
6368
5382
27844
61278
32704
62622
57264
65038
40019
5482
29820
31270
10367
19620
57697
30368
55654
27778
14212
64273
4089
49577
11114
-1
43191
11963
24514
14432
21296
12884
56441
23109
27508
25543
6111
61107
36936
50555
4922
60370
49457
47265
26544
23889
30579
12891
53460
28150
18729
58969
57542
35456
25996
13188
7397
53082
30418
24515
12848
50876
17761
10776
64071
61060
52760
1493
28522
63772
55462
13680
21979
53997
52243
20760
42400
59499
55852
32252
8152
42765
55556
59217
34665
52167
10979
65082
51007
1251
11690
26941
63302
31187
2258
29130
12952
22880
9892
43491
33342
40247
60820
57009
97
3492
23121
20804
48778
5847
8714
29586
41327
29143
56458
5183
36063
53301
61125
547
44524
28724
4991
12044
9738
13384
25141
62527
4980
7443
42700
48572
25119
41983
32474
22603
35656
11085
23927
32882
62987
5204
3159
25925
55401
18538
53043
4137
49607
9235
55001
50417
32518
38571
-1
15676
3604
2851
9121
26444
8503
26263
22264
51457
44211
31407
24732
5250
64393
45900
24793
58667
60575
18444
26745
16967
26758
45665
11075
17560
38586
24847
45152
21489
22883
26038
48358
37568
48498
32643
49713
12151
34334
58469
29234
17527
58015
2310
41215
34369
22741
59684
18053
7712
44370
11913
45670
51157
5999
23753
4921
62404
54089
31680
59290
8156
4184
789
14547
15124
31018
56064
6942
173
34048
35574
40911
56886
58211
22879
48724
62635
6563
8320
4603
47167
39624
64544
61367
53044
23886
1397
24380
17414
25369
49451
2581
53731
23654
10667
9898
48442
13884
15416
34070
43389
24116
39996
11862
57855
10195
3446
45150
65164
52012
61593
16323
43568
25976
36207
14870
39888
55016
65198
12615
34735
19682
32400
64236
36694
51029
22006
59567
-1
7055
54728
55736
43751
23938
37246
19769
56768
16885
29062
60467
44428
28565
53245
1831
3438
47581
64372
7284
3885
24554
7434
10368
42614
5383
4026
10465
6427
34321
54479
1226
6290
1324
987
48863
43576
39578
56208
34535
36588
22324
53246
33582
57057
14140
23644
30832
13244
43193
598
16759
38557
48360
26811
46577
28505
34123
36995
57842
53340
211
6271
28660
20523
29650
62230
40076
53742
59005
5452
15221
35102
7999
11122
12851
8230
13590
23953
58631
29773
37642
1817
28342
2875
38770
35983
27346
3816
30529
8012
18743
37469
63008
59030
26823
23787
35393
3129
49716
50314
30979
49543
24583
53880
33568
42186
35031
62332
9619
24627
47866
44786
29005
39016
12614
39189
29931
46538
43916
55881
42806
50151
6088
51092
25442
4956
53281
24460
-1
10483
64418
60369
17712
29762
36252
31937
5870
54732
23378
20668
58087
40781
19723
37826
10921
55744
65458
36050
58865
18092
10801
51097
34612
30312
44070
20083
53000
61545
59280
13326
15641
20480
60368
34775
19188
33578
3999
9663
25956
28618
43821
11746
60229
33783
14921
47831
52420
8480
21402
38300
49075
29485
39079
18873
21314
13544
3635
45003
31627
64953
28101
65089
47234
2800
3644
25277
35062
28944
38025
36013
39178
57858
11625
63285
62279
48559
19033
48917
34415
47693
42102
28715
379
64926
15713
32099
26046
34780
49177
15331
39523
45352
21085
9969
31412
43082
27517
36637
5799
64380
30303
29669
10033
51573
10115
52455
52495
51522
2038
58247
26297
60188
17392
22973
56986
50772
59803
5048
30988
29684
15635
50432
62873
33615
23048
11882
1451
-1
21154
59757
54034
7945
33195
3437
50319
28663
36683
53359
1838
63058
16441
51370
28843
40296
24505
13545
64166
21092
42123
63667
59064
6789
35854
43125
50549
52598
17727
21606
4595
58805
24664
5896
54257
31491
45948
17975
34178
2871
690
2459
59734
19056
33349
58747
11956
37086
20308
37920
32424
14016
61169
53842
32710
51993
45401
40083
13557
50033
58793
39433
49036
53971
12947
50732
37685
17024
6987
30066
64941
38968
15039
44825
11459
59794
31141
52370
38095
38623
27518
4152
58254
12254
14055
43690
19213
55382
1838
2968
45704
61540
18078
20604
59856
40073
16234
24148
54850
3628
27311
48776
52385
43679
11894
41223
30757
23963
30828
55534
61217
57812
17422
14568
5631
42121
8673
59406
62627
133
39735
12321
62767
34203
22121
23654
2310
65149
-1
54054
1617
60771
32865
41052
53666
8116
34875
45353
52621
59369
8574
33509
32712
56579
62094
10261
38347
56047
1773
45438
56110
16114
61488
2169
13910
41380
11306
49653
11718
39403
33212
6554
42682
49726
19117
56211
20309
60043
51577
39147
64116
549
26773
1363
60167
29939
27465
50778
35873
50636
56392
38818
51972
52320
48986
64276
59588
54805
42246
21927
37037
948
56531
46603
30341
61574
10078
39700
25980
24086
13693
33937
33261
55687
41699
55707
40641
52629
59533
11532
15710
1160
35411
34240
62843
35915
14718
53539
16650
16150
32208
4071
33796
30211
61173
48252
13150
45824
38392
16798
52377
65495
31681
60008
52269
63756
64980
25768
14465
26274
31413
19430
58617
34927
58383
46770
24166
43331
12036
10805
59145
12772
63501
19060
23192
59615
39289
-1
3252
56239
30369
34293
49457
17376
16428
32589
28087
8929
51161
53429
17066
29567
46082
49455
4823
3938
15755
46190
26127
37633
23395
33647
15640
44704
39079
15837
8639
51393
7693
37258
26709
31662
64312
13789
27673
23354
23310
19384
59747
61520
45008
11403
19134
21223
9078
41191
60480
47865
64880
13437
16004
6452
37938
39578
53901
62680
13008
51206
6204
40919
36152
24124
60184
8771
35865
44538
1845
26498
5226
15018
45427
7605
10009
7105
26159
1792
6308
56941
27261
65349
34726
54282
52325
1639
24931
25781
25344
38345
60011
32360
51795
40513
44821
6752
18569
56101
62825
44906
32333
6565
48677
31964
41863
34591
45463
31490
30550
32909
23419
35730
20328
19551
12159
10530
53820
52418
56547
25288
40854
38901
4441
24334
10818
4310
55096
29866
-1
25924
37817
55964
29561
3407
26411
48289
28186
39458
21460
6905
29072
40027
21687
35795
39339
25210
46164
34853
2360
9022
61688
11012
61493
24163
63986
8364
26981
54479
17407
59382
39872
58096
37325
17947
19048
29438
16811
34389
17116
38469
39692
15036
59827
64488
8025
40653
51969
48046
59057
49983
35382
64157
3499
53669
60830
37563
62715
34807
17019
25386
22577
34269
9747
40736
42636
12977
57038
1950
54344
14863
13805
45102
26639
28215
53483
50523
14311
51758
41426
43752
61695
42212
48146
52934
20205
3696
22211
33279
44970
23352
59262
21763
47680
56607
14890
47131
59365
1563
22861
9060
1864
22584
21223
56495
41053
32574
21817
42729
14539
49090
53102
60486
34054
15298
9856
62709
9909
31917
11660
49837
46941
57656
32699
45038
9582
35030
11293
-1
38394
28148
30377
42379
36812
62555
16366
33171
15773
42270
10213
15101
22394
38802
56586
12875
12021
52137
9538
50520
32918
55268
25192
15213
8828
11814
55663
16821
43336
264
26739
7453
32158
19582
41233
44101
50427
46550
1504
8119
19498
60709
32913
8890
24869
63862
59763
6647
56788
41851
985
27600
26827
1877
46353
49029
51846
52499
8510
44999
31024
57090
26566
24869
26520
21099
15513
3577
14903
52050
53313
48782
36557
27148
540
5847
20390
59313
61812
24492
7127
27333
40825
61018
49755
20344
56595
16665
51025
44430
53975
26050
19943
32762
37084
38521
64579
37994
34519
28522
4303
12206
24871
57432
15592
21841
30285
16546
21714
3429
29231
24644
46148
55368
2829
46905
39199
60431
49968
29620
18088
46563
1694
38944
8377
44563
54054
28064
-1
32527
3378
10846
58146
60945
51754
37877
54684
38301
22370
61715
20905
28308
55683
13889
41141
27249
39375
45501
24825
663
43257
39201
8115
39743
53331
33503
46498
35016
9008
5736
19425
4600
48302
49900
49540
32287
44830
47062
52216
30936
6474
58501
48569
38502
43342
9947
56648
53438
13861
41983
8445
33582
6672
34886
62878
38078
53856
51397
37550
36771
14071
47687
23070
57347
61424
55167
17450
17567
43112
29991
32669
55189
32268
8723
39119
26868
31185
36338
25061
55105
14987
39808
937
57216
59034
51757
54589
11515
17938
18537
11034
21062
59238
59703
38744
40981
51830
6014
54226
41404
23426
24407
51634
506
11148
16898
2314
56201
30493
26051
19601
41309
10355
21227
49098
37241
50007
4917
9465
13994
38758
27802
30368
32092
40844
49856
99
-1
54986
8192
1960
65096
42014
56229
24994
32145
4928
33679
13280
35762
36122
41841
19045
35858
2441
62974
2790
26285
59741
35523
10178
42165
10979
33337
47492
57748
5003
16063
50898
60866
46157
27487
25501
32761
14226
6174
19211
58106
2926
62918
31311
11345
34891
55405
49285
57558
4481
42359
54791
32506
29516
52986
25754
4355
17228
10716
34725
40404
451
57686
11535
6308
10586
2087
16471
17997
18220
28760
18360
24377
27883
48791
57084
26510
64949
50816
21079
13448
13913
43159
17266
61567
52521
42750
38410
64025
57173
39543
50800
41997
36535
49925
43598
63826
62270
37025
60640
54780
26805
47607
55932
59421
50684
48234
5714
9227
8686
59873
16784
3034
31926
61221
10183
48909
11336
32802
62750
56240
57776
3646
60224
32472
12252
20109
41381
22938
-1
39809
8932
59044
26125
62762
45602
3142
48845
61920
6364
50411
61200
27420
32471
36943
13021
14652
34179
42318
5465
50369
42985
34948
44246
49212
24480
18721
25318
2988
5069
26815
12166
37214
18667
41129
10828
9772
14324
7738
8821
3453
6180
10234
14657
16071
39911
54367
47976
76
27587
12069
32941
661
27426
24891
20578
6996
5163
25216
14931
17555
22122
11702
45729
12537
15271
38067
58567
3838
11153
4446
21145
2423
5893
41473
18908
29208
13179
11899
65247
50664
63015
43126
61823
58914
64072
46273
19459
25614
43427
16874
48231
3977
56364
11138
59114
41287
27847
35162
60645
32899
1285
34511
55985
46450
31229
48367
64491
3166
31139
58143
27979
6368
61577
59559
4364
11853
51566
14889
48801
52407
35466
6697
33081
18894
54501
17248
9450
-1
59934
33075
44798
13567
26290
14198
11836
49548
18549
32253
41465
24459
27896
38107
23150
19312
3931
33481
29045
32097
30523
39848
1408
51572
998
44812
34026
7167
12686
898
7668
64184
21226
54829
24119
37621
8070
62090
60367
58336
50107
40898
60733
25154
50251
47928
47133
28846
52403
46826
33883
48728
12693
16873
20804
3350
21683
44030
17679
36684
19784
17247
19979
65066
43564
23784
7214
40699
3028
49696
63043
45344
21620
6546
55852
1919
17313
49679
45047
64627
43144
19855
63757
62068
46873
62396
36046
41633
3441
48571
8052
41539
24921
53505
50882
50732
60885
38679
25159
35979
30056
48468
13916
26400
24350
63247
64946
18531
34849
59010
65089
16057
3789
29134
22747
52834
14080
4749
41224
52465
45250
51960
26294
57492
20966
28629
2568
42844
-1
9232
4501
51753
49568
25325
14826
43247
13789
60193
24209
30958
1684
46897
61055
57935
2715
16984
22618
27590
55254
27391
1090
35286
51932
34001
36570
8978
46323
56172
21053
49523
33880
62276
36639
31883
34711
42093
28176
4277
13298
37762
64457
25491
26414
39778
28795
16568
50890
9425
60425
44292
30699
15351
15650
15088
60841
4946
5227
8115
54068
16615
65107
41249
8090
61897
49861
46564
25512
40459
61176
9217
48855
61667
39554
35725
10101
60318
64818
37278
24665
1028
23941
33658
36831
25644
12410
58381
13663
9234
9252
48595
23748
26872
24603
24065
15083
40701
14694
54781
35664
27281
25692
8286
49126
6859
9898
36708
45887
49338
7144
46872
6686
23317
42505
29742
53601
16064
820
45
33993
37684
57819
46218
58031
20674
18674
18875
28641
-1
21527
696
59177
54372
28326
2179
22072
7601
42235
62767
44079
51581
26651
20607
340
35488
44548
36948
48103
4816
53107
3140
56310
10488
58561
30353
7566
11692
62874
43504
52502
28102
18163
60058
36057
54291
24870
19558
1406
56902
52934
37914
17760
34672
5367
55834
21346
25276
12640
48589
8674
45502
37729
35721
25971
42584
26890
61015
44659
53668
28968
46461
44517
25283
33176
17169
4412
48691
30342
13306
44385
1433
63934
22905
64390
25600
49950
21262
23441
10205
34874
6211
65168
46710
61404
15621
6547
49824
11348
44046
65329
53714
41338
59459
63708
3004
25954
10351
10325
25720
32422
39126
50569
53082
27316
42279
45794
1007
36287
6337
65358
41686
48477
25069
7126
13036
5574
35754
51294
19341
13911
41914
32141
57296
45768
30867
33500
17699
-1
44501
6216
12279
43552
52782
33484
20366
47195
50113
33979
3217
58209
32794
11166
1882
11824
51214
28172
14156
34536
49165
51857
53185
15227
42373
26126
23261
34437
21197
4712
12079
29012
50504
41820
8432
52022
22450
49855
1488
23367
48685
53596
41907
18021
5278
56209
58983
18788
62758
14868
26295
41713
20760
55404
6069
28297
62700
43590
40082
31485
52512
39883
18430
30390
35910
19312
12291
31166
11891
42876
45521
64958
15228
59018
7053
81
57512
50587
26600
34820
52185
43744
55418
8282
22099
61438
34126
26015
25708
264
3551
31002
52446
15621
19672
29539
14653
51359
23823
52236
37838
8360
6729
29248
7637
19888
45268
11667
4033
17087
48235
48648
29367
57677
16649
11097
63289
54817
62480
27026
38122
38551
34040
27291
27671
22359
49069
29586
-1
6249
18463
51393
55594
45982
53371
55824
63893
54426
24371
30148
44779
55884
29684
8646
61266
4293
34127
468
17100
46749
16022
45114
30887
19814
15388
1773
26038
56157
37485
56411
47239
55904
54312
51474
38262
11050
61829
52837
33728
30401
40223
30994
27415
18600
61332
50010
11118
36686
1757
31165
31718
8222
47964
61775
22331
48658
36149
61951
15349
38839
5001
2244
39536
29361
13770
13811
13740
17642
60982
35464
8889
45839
25043
18443
46436
64429
7556
51014
15666
20597
47932
58904
20765
25555
55416
1678
29210
54723
47305
10757
20598
63816
28636
10401
51229
34789
4374
49799
14639
55444
32295
14657
50172
25032
14814
48113
51054
19034
18819
55168
46936
36657
37503
6526
11998
50359
42495
17129
55400
5009
22708
37056
22305
42855
47811
14366
9337
-1
51152
5297
40681
45864
1582
49075
36956
62593
57186
39229
8466
10846
57442
36243
34374
37789
25700
46574
33983
37560
44440
31334
2995
21057
12429
48961
33030
5066
21800
45901
55308
52222
16484
8075
48832
22685
43596
6834
12850
62842
54935
38435
21537
59971
36299
11726
55979
13930
24957
62742
6016
2081
21698
63142
42816
30854
553
28181
9348
36282
64352
24254
19176
39637
62317
30760
56686
38903
25826
8437
47178
45522
8531
24671
2167
5396
45835
14937
36800
31838
330
6342
4298
28361
8093
14417
14841
24732
25773
61743
30628
56772
7390
36767
10832
7290
28700
52995
5058
54807
24950
59368
53056
41776
56203
28839
15595
43892
51342
23471
16569
23937
43180
14545
49070
11160
22095
19941
25351
17003
35557
38510
38246
33470
33411
27543
152
46402
-1
54278
12981
43215
6797
29010
63162
10648
4621
3183
32333
20605
28491
53936
5383
62414
64121
56247
45849
41138
7283
56358
42813
44325
44154
50088
55031
27195
48259
18135
23812
41352
62864
26729
45491
22260
7315
20912
57985
38070
17951
25898
25268
46485
17161
33568
37713
28555
4170
49704
37916
27257
36808
26975
40836
15407
2863
47391
47284
1996
51556
38040
6294
14364
31591
29953
5255
60578
59250
4282
50334
9028
3823
47817
26192
8006
16829
44685
25649
23305
27194
7749
35922
2141
64108
30105
65066
38750
59721
8024
24041
39113
39965
44742
54610
20420
23553
64741
34730
42338
42345
9235
6027
3391
17733
24533
24207
33886
23113
59989
11015
13777
40140
35465
33925
16170
33037
31172
30558
59069
39152
18511
15789
34308
29587
32362
64312
23767
40139
-1
4964
15057
8647
6619
15803
124
49065
47329
43027
28597
42760
51342
27906
19319
42247
32187
3145
64448
20404
40621
32388
51993
37883
13514
5260
589
49000
18307
25981
60444
50295
33598
47423
30702
6585
26973
17661
11133
12798
53497
14863
43487
58825
29835
53353
18641
20971
54267
37074
22067
9194
52620
15465
43838
63941
47150
15117
53295
53444
37473
35888
55385
20048
54316
64837
13088
56341
5454
49436
38835
24173
57621
13529
51027
58352
20818
25137
56059
5974
26196
16345
13311
23629
16710
52121
62443
3161
4176
36055
31745
50552
45535
5766
16459
55041
18712
59516
10153
40635
39693
2085
23218
4905
37788
3103
36809
50451
63474
16976
26554
9344
29790
1443
48938
27095
16483
40380
48096
45875
32877
20719
11325
61390
44059
45016
40623
13754
64283
-1
33897
25295
61352
56180
25779
22459
56876
1595
48032
50539
52198
62037
19600
4749
25993
14554
38564
43328
58268
38768
30479
18055
53492
39411
51649
7438
10204
40437
16477
55911
11565
58183
50244
15147
18832
12438
38462
30310
33744
20175
52010
23183
96
10943
38202
61304
52668
25922
5426
10637
53697
43683
26956
30769
51650
16979
44147
30699
16079
47552
10296
39192
61769
54671
18347
38856
21221
63052
18572
9022
47277
19075
43346
63074
28818
13894
43479
55318
3479
16612
10389
47699
10020
3410
12659
50045
8343
33431
12441
10716
15591
52991
50919
25595
61586
47652
42698
8028
46461
31838
22623
27413
17919
16466
9684
6770
41345
14692
27755
56231
47592
48016
7002
19928
25088
46474
32808
664
46470
26303
48674
10358
11776
1105
50060
62455
49889
53359
-1
12401
56042
30348
30204
4067
309
14099
52747
19981
45939
3943
50881
45450
6188
16259
61939
3713
30150
54399
16855
30784
62610
30454
59546
8835
43010
25078
52292
53468
4404
17929
4738
64400
54879
18611
19569
10583
55940
27968
63081
38117
27955
12471
24034
57110
59082
35229
30893
39374
56630
58948
63190
61923
32099
48995
59053
35815
26586
25532
55080
36166
8080
5123
51518
9245
11662
30159
57784
47372
6857
63240
39639
24762
10769
47808
26500
31363
3599
16672
10503
17617
34899
43777
11957
23950
49436
4240
14795
17318
9333
29035
37912
45243
23595
54452
37211
3153
59742
46384
55750
16877
28449
129
61959
16801
35165
12492
37670
16678
59492
47440
26773
24556
42866
27351
26485
5418
49130
38391
10665
26803
4935
19473
31025
59160
27301
25808
18050
-1
14383
40302
19281
30626
42318
14099
53910
64560
62333
36748
49849
58480
20722
18899
27285
19492
25000
3532
33796
5566
29793
55333
19080
13755
8929
34968
36996
15427
37243
26056
14837
22930
7297
62714
57712
12585
133
12211
53692
24555
40792
5656
51171
53797
54116
16707
47618
20151
42163
64282
33982
47247
28739
56437
23441
2327
34859
31999
17184
6779
24021
26440
46240
37144
2474
9158
11654
24568
44999
49098
54277
62501
19200
42945
54699
9382
32431
29994
30536
18521
13545
35661
44946
35590
62889
19038
54078
48818
59081
26988
1921
33503
13776
10249
15982
12223
34360
36491
23615
64216
11396
29729
607
49044
43599
59149
27760
5550
22118
42211
9784
11634
53175
33973
59008
56745
60985
19487
30761
64082
32154
43776
65100
13077
3180
53263
51609
31754
-1
11424
29839
55898
43867
28177
39305
12094
2319
36006
45598
47977
23084
34247
37306
4669
12700
8658
21559
50276
61812
11623
12709
35277
4413
17711
7316
27200
6680
11869
25003
59001
63414
32816
57105
60486
28844
46214
21443
48882
31139
11508
20191
13757
32483
62555
65040
21391
31631
51607
11027
53880
5997
18715
58034
45407
31381
54814
45689
7034
1814
59329
49807
53272
46028
10013
65309
27486
17598
38157
63892
25880
9868
24010
13252
57485
23129
449
2671
14853
31178
59483
5294
148
49444
52143
58410
5673
35476
645
959
55677
51640
24084
1514
48074
58402
31458
18029
51181
61668
49234
42404
3832
18629
3387
54683
43502
1653
5929
29574
37995
50963
18691
20589
4739
21243
55207
1456
31896
37025
48918
19095
395
16199
53014
8526
941
49125
-1
3475
13308
61831
19492
783
8340
10613
44548
65258
17261
9951
27044
56137
64450
23746
25901
61813
38943
775
1212
33454
50554
55247
21208
937
49695
11284
43455
4536
30749
57288
53888
17520
38630
43329
30835
28825
13744
6642
991
10520
27619
13587
50754
22442
58465
17218
54188
57792
41042
41392
13121
7003
15194
24606
37252
61309
12923
23844
26359
27175
50504
48751
12707
30161
20396
22037
32115
23632
49014
6475
13995
24742
43122
8893
40117
28758
6991
21143
57144
9858
14818
5823
56396
2629
13270
12418
18353
61468
29918
2552
42451
24250
6907
50605
53739
45133
16920
25101
23417
32411
29424
49399
13558
63520
32786
4668
29637
2172
49009
12427
6333
3770
51261
52160
11579
12565
49133
10384
54078
50502
60955
33365
39096
38911
50421
65296
15590
-1
7394
31160
59478
16148
53800
13796
53493
59509
22708
17430
20207
60912
31707
43167
51704
22727
63345
26634
56006
4130
5103
53915
263
9616
3065
63584
40812
43725
27611
44942
60806
828
10235
7329
36323
24712
1247
40733
2257
46150
20285
42626
50166
35951
14874
1266
8182
43775
2923
38813
25781
14789
3795
51800
46025
30270
33387
56078
1350
27437
47564
58299
53931
21780
51701
28338
31953
9451
47454
55259
61178
36897
3493
46596
44291
38365
41916
60211
58261
29844
32069
31144
53175
21962
57316
27492
701
43220
38415
51712
6178
49352
50414
26709
13970
28463
35666
35631
48490
54150
9518
4853
16578
38457
2779
7136
3934
18147
55304
60166
13826
19938
59810
36082
10911
48612
52691
11036
50215
29741
64757
1297
95
43245
47889
54001
43868
3718
-1
9532
3580
7852
59043
11681
48141
63051
41424
61208
53592
29157
19966
16098
42535
29088
10122
15993
18381
5968
37212
50072
30969
37299
12038
57784
49100
24493
18678
12225
26349
57322
57268
52802
54756
55091
30326
52219
39392
44542
63366
21992
1696
18691
54320
15204
61537
20620
59932
45394
63338
40905
15449
16727
12175
41269
26963
19210
20029
27692
18970
17181
39196
57649
53944
24528
28499
5972
30244
35929
13251
26995
49179
4123
63023
6629
12771
38479
50951
6823
47462
2583
40449
6886
25706
7715
45428
23192
61696
61582
42079
54474
12564
22927
7370
23690
16271
49230
6381
15423
12124
41077
17622
30513
54590
11913
4114
21217
52330
51667
12358
233
1248
47173
22126
14841
8481
50076
60732
50689
44659
22119
28316
46268
18658
27475
51913
33582
38327
-1
39351
41420
15065
54269
50052
60716
60638
26874
3193
3852
46080
29201
22042
34380
58294
29656
61257
62139
65115
7742
29218
46790
64313
48694
38626
48935
7091
16229
62984
51854
8026
30082
15227
1576
46716
12129
18325
64539
22326
13085
51641
59850
15249
41185
30675
62303
31577
42103
41325
17673
57461
52164
8398
44845
46586
64625
18840
39477
33618
9393
46771
61899
57331
47092
37594
17917
32898
17652
51679
39408
21824
54249
31657
35558
29856
8620
65307
8796
40562
35094
53026
60525
41648
51009
54195
32423
24449
44633
19516
26691
59405
52015
38176
19618
18108
51134
5949
15479
18878
10004
63299
63911
50602
25454
41746
25393
37066
7051
17926
24125
32997
22722
46760
18400
49279
31058
5687
14050
24360
44570
31517
24297
23536
51796
27145
27012
30977
26335
-1
14440
55221
30552
51886
36984
19453
46148
48621
46073
59592
320
35164
51246
31382
62394
17759
54092
23635
15594
19822
30637
43963
33667
40942
31819
50048
27427
50877
5763
26484
60061
3094
43668
32495
38968
23356
39618
46555
25784
54667
65282
53497
15877
15652
14003
39712
21133
53958
42921
46731
21255
16965
37160
10110
42867
47400
49917
54861
39363
56470
9527
15581
29588
19753
39533
43464
41707
61878
9540
37825
58289
30847
47211
20137
25577
33407
40227
51311
27123
21644
4862
16347
56514
39583
52462
57126
57852
38766
11895
6951
55579
11610
28028
45634
54835
36349
48548
32978
3580
63678
30713
34966
12931
4014
58702
47404
16926
42638
57492
62189
14000
62335
16570
12975
36180
13064
36986
27986
53414
44241
34774
26750
17065
9534
24019
45265
36087
286
-1
39247
50823
18724
35228
669
46219
61732
5748
12658
28053
1450
14685
55200
61732
54507
17065
4850
61238
62335
33059
62486
11313
35643
11151
50232
24884
19393
52994
62028
3975
205
9255
31667
16011
30667
29357
64201
3419
32333
9118
18136
10374
50440
61409
6318
7020
39377
41541
25068
41984
11691
16718
54203
12963
46532
2206
45394
1988
51139
62382
61472
1679
1579
3564
2628
37711
62779
48936
40514
12209
29420
9060
28754
35485
59189
49159
7563
6289
64197
45168
41562
26152
60265
44662
17443
19679
32674
64688
5591
28373
58627
56234
22165
27853
42938
21938
18278
59908
51416
54177
53831
54033
30512
19424
35725
9429
13689
63506
63348
48397
43547
64300
24844
60431
2414
43633
52992
27544
29878
59683
42622
9905
19117
64703
33689
39596
17547
814
-1
22508
58632
48724
3535
21430
45929
63383
21151
32282
58831
7699
27190
21576
3442
49795
26216
26692
39590
39347
64003
12602
24511
11526
41857
47536
51727
27151
54626
40881
14083
34499
29946
48455
18305
36436
4300
37187
35738
42388
65518
53203
10366
17885
29729
31411
33682
53285
27937
711
6973
57866
28496
21236
32110
52338
45588
53063
26803
39535
48443
39904
8994
52500
52134
13404
43074
34639
49659
7724
6217
38853
20271
21323
46723
19689
3219
58210
47746
15744
25908
40932
21084
22208
51777
24716
51397
49349
38124
62254
57047
59358
52944
3295
57496
53917
52845
65502
61017
61251
58579
17471
52445
58582
50346
52488
7913
35597
55887
21307
501
55251
53293
18830
47303
42568
45042
24776
58417
34048
11012
1428
3148
5396
33586
25341
19107
7913
14169
-1
26622
7959
54124
27581
39965
27987
25211
17092
17268
16932
21239
22939
48993
18057
1851
9965
5901
12425
38697
61086
21315
55822
43414
53189
46538
33574
49075
18926
53760
27497
5826
59811
53082
30704
39307
4192
2054
53423
39050
34163
1608
14667
56797
18515
41797
30217
51852
10935
47157
60235
34198
45406
18753
24106
8927
26801
261
347
52386
32158
15870
37851
63354
18402
55174
20034
15822
20049
27837
15057
14348
44733
19856
53948
5947
17656
43340
26066
42903
54126
58585
59714
17565
39099
3381
3792
58680
9864
50509
11574
38920
42320
12472
39038
41084
23331
3385
44352
58133
2978
33384
56237
34448
43696
31778
5828
31715
50790
23389
43863
52918
10575
49304
38453
45274
19696
35907
32499
6948
61213
45433
61732
36827
16085
13976
2308
38284
62297
-1
31452
54885
18590
37883
45367
14236
35832
31979
38816
11635
46181
42613
51917
38867
13047
32749
50730
41357
30710
9977
46591
58151
24196
41141
8948
63090
8732
24690
32796
440
49431
51729
40543
36870
3936
38084
7954
33961
50038
35503
62582
62823
1484
14015
20076
59431
37063
65460
31266
63982
19009
40325
61863
40575
3706
49270
63729
36493
64592
3703
52814
46310
33594
40620
3335
44532
28315
34050
52270
59463
17082
63703
64456
61593
37537
50120
25705
54264
20996
50792
51321
47980
35249
2862
5564
1906
19407
56737
39004
45297
42102
46050
20407
56784
44633
33205
35649
38366
27012
55372
24047
59064
12004
37409
64318
38802
4217
7166
8365
31170
9757
20888
19534
15984
35462
61829
36645
54720
14310
34326
10794
43119
27314
44891
52201
61965
39326
21391
-1
55146
8844
60505
2342
1525
25851
12758
31442
5115
35588
12990
42961
43933
21209
57219
56925
39944
2942
2977
52558
37496
21482
31077
26887
52859
53834
21799
2948
60953
38380
49022
48861
45309
11583
50737
26290
57000
64741
46732
18074
1456
47316
20939
30195
62141
37724
12695
53314
42757
28928
22002
34753
23343
50669
63598
16034
44817
51727
9849
48702
35046
51768
60651
41676
2965
60173
37599
7103
39627
23549
27989
46537
60599
33591
7422
43022
63698
16890
104
45222
14283
54195
12035
2480
14328
4995
14743
6860
1841
63702
57339
45738
64185
40191
59150
25258
6337
35413
25249
5725
30427
57319
41393
43548
1979
32745
15038
30181
49325
36745
63915
58252
26199
26948
19670
65456
7489
14558
26496
32804
35896
20031
57728
57494
18252
55428
7067
13049
-1
50114
4546
55527
47701
64109
23454
41448
11699
2962
1174
24554
34394
52219
35914
63768
56359
29297
17339
29634
6195
36602
39484
52201
31194
13151
9378
27862
9989
5678
2759
35810
33053
37509
53604
44401
11229
21742
52000
64266
2496
11206
35123
49900
53816
11747
59458
1377
29759
21358
41892
57259
51615
60192
64797
31210
53495
18337
20905
15727
49318
27817
56549
58481
11484
63715
27383
11756
15495
48867
2826
31625
62263
54151
27033
47342
62999
63060
60916
51727
9657
59516
53548
41310
44343
53421
59817
31852
42956
63346
54583
39447
45451
13194
34064
31220
52143
41783
16424
36310
53697
62276
44901
49567
37152
41539
46435
21165
50947
1829
2291
12334
7123
43368
1705
6287
58747
40626
30183
5491
10668
26563
27674
25323
12395
40313
18307
25330
53693
-1
8434
56575
41497
12393
30716
16011
54469
58394
17778
26179
41432
65019
55598
15797
45495
21684
7661
17983
1027
48703
42323
24505
25896
14397
50056
63441
2892
5284
8270
55261
44874
25362
64749
20489
2320
60906
40380
19126
17626
53957
21215
21553
13983
40544
16671
24120
9800
50632
46347
1233
15349
61176
63532
31641
48164
26102
27414
14909
14464
50645
4959
45175
23287
17299
55222
61680
38482
60384
24837
42058
28992
34605
43712
61674
9722
16388
50032
42023
56095
46907
45573
10506
42279
5023
41297
45789
39258
34349
16787
43576
64858
19673
38536
12
42123
14209
52762
19810
37392
53845
42665
1521
20861
35055
23769
64841
63503
5843
26462
60718
18487
57533
5344
38719
47331
64086
30026
24446
37967
32884
9347
29197
42543
14342
58164
10659
54158
37342
-1
19506
49710
19409
21571
2405
57563
20205
36583
34910
12489
56615
61783
42844
11798
41438
27674
35987
49852
33508
34898
35871
53968
38359
62026
15299
49006
10601
26650
25257
9471
55742
39128
25917
35409
50070
15618
19929
4023
11061
40594
367
47406
30885
3731
17843
6169
35504
65262
48866
3373
49609
21809
16998
25581
11120
36943
30889
50950
11008
30941
18866
40816
23572
23743
21316
52758
25530
6599
18979
29566
59950
62669
22453
41644
11669
31041
4727
42891
4074
21379
9699
56827
36123
49942
57201
18197
31751
5836
64394
18354
38985
53569
3757
41299
23322
2929
45077
41152
45604
14591
37553
38080
60679
49013
19675
13861
1008
47642
3465
35487
4205
7477
13296
3302
45204
63559
23816
59551
21716
31678
28327
50706
10603
15590
44981
48917
62051
10030
-1
40193
58771
58272
53297
60999
64521
43754
17267
40278
37434
43366
53112
11167
15989
45053
17093
19785
53984
6894
64831
43682
62683
57783
40350
17475
33111
31712
22844
39933
5805
49080
2254
54734
55607
14297
5493
22255
39776
59339
51363
8307
56937
24840
46876
28515
25469
47815
42123
7829
3777
29827
650
37982
17125
30901
33337
27401
59449
51298
42337
26858
43476
18334
54911
55629
22840
28924
28351
53030
38506
63978
38675
46783
24944
21845
10117
10355
43097
14675
13245
34988
15171
62221
6399
10114
58052
30163
44239
23910
39747
54136
90
14788
17829
46707
64706
45675
21071
3306
43217
2762
1668
60048
14345
7281
38167
54308
9690
31166
40996
50099
62541
58539
31725
49776
49525
14963
32469
28460
20036
63397
61344
40311
62558
53456
8473
46056
45619
-1
58077
53004
37915
24985
29296
43015
57439
55540
15984
2804
61022
4589
60623
2877
25662
6822
33258
64019
10208
9055
35455
36113
10620
26300
33329
49831
32715
12688
10540
43406
56267
21261
60388
44929
51018
1417
56033
61741
43800
1255
60381
59248
2642
23704
31973
3645
17307
41497
63254
25751
25760
23624
2329
8401
56681
3605
25786
3773
11945
49255
53904
47929
12761
54389
21026
12265
11632
51379
47399
19669
50303
4855
7596
57951
58924
18265
3899
41135
17538
43220
34249
41054
45005
44704
44692
65242
37155
45770
49177
55286
30682
54184
25217
10823
43073
15404
8152
7978
34071
7120
31146
15135
21844
37342
2607
53956
45769
38356
1494
27150
47164
34099
63196
55024
2586
61473
11206
30361
20744
42593
51722
6161
14512
50088
41056
3137
17061
19327
-1
38904
22205
23959
53330
27520
48165
4200
4869
17229
663
15421
8027
56642
25686
28814
13718
44171
44834
51116
17852
51363
33922
48306
17511
11987
38824
14207
48164
59293
62526
51779
51439
19612
43491
61787
38700
3929
47092
5283
46819
7292
33495
63433
61765
32004
6563
4545
48481
34159
24714
37033
1465
30436
37417
40982
53552
3303
48454
43943
42939
38094
19582
2861
55428
8593
59499
28041
65320
12794
10886
25676
10140
28983
40490
58071
8734
22220
16338
6870
48883
50789
8718
53512
51699
37645
59988
17640
23151
45184
60589
38180
54177
1448
2882
33654
59191
2982
29248
8462
57604
49470
7051
2027
30530
62193
20865
39558
10665
52200
16609
42179
27170
39299
38025
40551
43367
30666
22250
10790
8374
17882
47033
37884
26455
63306
53189
47919
9577
-1
43129
28378
7783
59178
14678
18356
34561
52849
18319
7563
11144
23100
18705
16201
27966
39582
33848
17652
268
38238
20278
15266
23528
57021
39272
35950
16598
54491
35025
29915
30182
38617
2611
38479
14794
19561
37262
40536
13356
63442
25060
7198
14996
16167
11072
5781
18713
29691
30121
10558
41666
25906
46283
43147
24669
16034
39302
43077
42227
2519
10937
37001
53476
55824
15066
56489
33262
37423
44795
20769
6170
51921
48128
59081
2527
45871
53420
17964
49866
59263
8210
51446
37262
55802
35622
2240
11909
5486
61033
52570
45448
22069
49262
31191
57896
2831
28749
15825
21059
26346
4381
64637
31828
45115
25922
33771
4024
51415
37636
1195
62514
35365
51605
5609
31728
16481
31454
55557
1642
65293
50990
3845
2166
19529
22175
45394
37047
5827
-1
33954
65277
9892
43771
48828
53669
60134
47753
15249
5796
20553
51008
2816
8774
57812
14654
42045
30739
19589
49445
25245
57841
57601
22274
1156
13520
31113
25665
35718
6296
9383
38737
52927
21117
33530
60309
39596
50762
11984
8558
36524
33862
24364
15931
22676
33014
48084
21988
58580
37614
42115
39109
48740
24119
33753
27602
36891
1229
56457
25173
9988
50979
13527
52419
13354
2831
47237
58533
5669
23584
32907
12592
41919
27647
14076
55746
2015
31741
61744
32792
63848
38813
33524
25396
57193
54149
4694
6002
17440
38626
37976
25731
10753
21878
13115
61985
23615
42059
24585
2836
13911
14976
48878
46183
11240
52292
968
64361
45939
64322
39106
51559
50710
54751
3707
61818
40605
52057
8595
33514
32694
4559
57369
2628
64678
60073
13243
63694
-1
25925
26279
41722
48523
38578
58122
1623
57340
27217
65012
12140
39105
43691
45137
2403
46177
57202
45214
37781
4443
52016
3822
18130
58009
50245
83
719
48351
4416
30084
58017
10181
49155
25242
64457
9573
64754
8515
13476
58890
54993
38449
37973
29337
45267
28353
61613
48671
227
54687
14756
5558
46416
14172
28717
1208
3574
54591
35920
47079
21058
62580
14271
3453
19552
54621
24438
64144
3335
314
44866
27020
30223
27375
25888
38725
36834
42211
52409
62027
41604
35635
5345
64643
63931
927
64796
64288
58476
6633
47334
43547
26198
12246
9935
11950
26553
11587
13874
16482
9755
29457
7358
59872
25836
56031
43478
5743
9262
25986
17168
29734
54751
21532
49536
42798
6136
4740
56495
31436
38714
38695
59385
16067
26241
61022
43257
3936
-1
65455
38562
46767
7901
30123
63424
47280
36844
62311
51998
8100
60801
48311
18075
23414
14188
7516
11528
6657
53949
32118
11873
9699
10083
30273
22154
3294
52848
31043
15612
49016
19929
969
17601
27882
64392
29688
2359
19640
42533
5173
2093
57745
2889
23969
34214
57808
28551
40841
47280
39734
46184
12035
32679
6646
29957
17383
48989
8466
34195
50029
45803
41323
38209
4926
51728
49472
15053
28538
63974
65351
14617
44681
40895
60615
27936
27054
44999
5291
35907
60853
50741
56961
55784
12714
64518
42190
63097
56379
55570
2532
57611
53586
14238
59465
31728
42417
13313
27527
39766
14476
48783
18763
54404
17915
19706
3
5957
49140
20007
2313
41916
34250
13449
52757
42762
28807
9129
34357
12073
55630
27185
29196
64929
27962
4937
22431
8220
-1
57919
24833
39746
60546
21144
4750
25664
47415
38867
55720
17823
18517
44229
48743
21287
23486
55640
1053
56109
40886
27888
58240
12114
57115
36506
10055
17383
36993
42748
16508
2023
61082
59072
55391
9870
27462
34796
45826
36324
36104
33554
28249
20940
55242
12122
445
50188
34835
51764
1322
7975
46413
33132
615
11977
15556
10050
1204
63119
7298
61178
47015
34987
60959
54478
33460
47290
41960
4334
41503
52274
39176
54616
37177
33659
20239
32
38880
6431
51518
6816
16376
50191
59726
36605
52319
55980
40879
44210
5892
26541
22314
30630
17228
63279
44432
19010
25525
19873
37074
57214
44073
42526
45574
4055
40245
6844
17020
18182
51704
36951
37146
10096
43273
33595
11902
11004
54725
49428
41672
52639
26811
20698
53877
33640
22866
50710
37510
-1
6811
40980
6100
20944
54930
45494
63597
9168
48098
29709
2172
27380
35451
46810
786
15417
61595
43990
56741
47924
62015
52223
12607
22202
36979
26015
24255
39443
17413
60810
64613
43253
57952
48851
5224
41185
2488
53824
40916
28272
15252
54810
33169
38996
33807
35350
10520
4750
43226
57638
50135
59209
44831
52835
54376
53987
41083
51185
24923
65008
438
659
28699
14359
14169
19213
43862
50136
473
5722
1230
19383
58251
8599
2104
19951
9630
10918
52061
5044
5934
1509
26705
22797
26381
51875
30381
40417
1846
21609
32274
5980
31552
3077
56430
22783
63026
60179
51301
60769
10190
63770
3479
37863
20274
48790
2548
36949
55717
55820
61207
27756
14681
57614
42645
44125
63984
64900
5435
23795
56248
11806
15912
30439
15515
46194
35044
47192
-1
21350
18015
25232
28205
52904
51879
21789
28795
46294
20307
36776
34446
27679
15348
34091
60153
58470
15601
46834
59537
4838
8204
31186
24450
62475
37648
65046
1989
49175
29886
27870
33554
56094
27407
137
4612
32964
51333
8061
25330
34841
58900
18880
27826
1058
62521
22151
56544
50443
48824
22391
36312
26841
1788
41874
26911
59573
55379
4980
39127
65487
51439
39451
22893
54430
28920
22209
37277
56123
3447
7974
54251
45178
2462
24300
27451
26982
4377
45618
39361
9996
40342
37733
10986
6650
4679
24390
5064
9511
42238
62546
13706
19056
55553
27443
16791
29025
39799
28593
56197
23571
30667
39357
6877
46577
7356
32904
61839
62609
56287
17724
37593
2442
20750
42526
36783
30297
11877
49744
26402
19915
61469
15093
33541
36568
24238
14171
20151
-1
22917
36423
47761
53218
8099
54452
20211
17446
41160
61356
19664
50360
19135
2492
45137
27897
60798
6148
35220
45090
43506
37110
7497
30001
30543
21131
22988
41773
15476
28985
53592
21004
25233
19714
13035
13386
65352
18072
14805
52263
24165
62417
50108
64695
48960
52897
63174
25674
53252
43512
1709
53716
23101
39498
16020
16417
57232
32207
9530
7756
5359
54212
22086
52573
37600
20500
61595
57012
11385
4719
62809
45723
24653
190
12981
2344
11126
20382
9742
55732
21052
54504
56284
24018
20042
49411
27523
9571
37440
59404
31583
32964
46072
13804
25371
48406
5721
30507
26372
48737
28221
38717
57033
61998
17743
55189
53768
37575
65523
23145
24067
37495
32012
14863
45542
28321
15809
60994
65510
33417
9791
40677
27345
25301
47826
1326
62923
46614
-1
55994
52300
4802
12214
314
41648
54946
51423
37183
41789
22417
4455
9800
14612
39586
57155
61613
57379
11931
14822
65386
55721
51692
3654
56081
18225
50546
29818
27144
6899
13504
61857
544
48957
47527
44372
2216
3448
10684
23876
18916
43777
30645
4066
39953
7360
58109
30904
53685
4335
17341
42421
14157
12431
16562
16635
12855
32939
9343
60284
55302
6893
49405
42636
3703
40990
33346
61860
5206
34163
28903
30472
58736
23629
27094
25940
1250
60785
58477
56290
28111
18221
47186
26084
19894
42213
42573
9510
21560
58659
53345
63920
26433
30001
22975
7847
54259
61292
37634
10176
30450
18702
30870
18689
17312
19162
65115
808
35999
44731
60799
12439
48714
30955
55578
38068
58140
1995
40234
36519
62200
28758
4167
2876
43946
7106
59768
25021
-1
18772
660
61644
57000
28501
24169
4838
42961
3809
47595
784
57518
33560
54601
24905
15892
29771
20765
11875
2497
46911
4363
31991
8211
40636
279
49966
30342
20719
41842
16430
32715
23091
51547
39010
46538
19307
45949
40751
63160
42611
61136
52018
37642
10976
54537
642
7812
58143
37947
31677
23596
59807
31087
15013
24352
61982
47664
7827
25880
38843
26754
46971
16829
42549
13229
59149
61977
9725
41873
2415
54917
31597
42436
46857
58543
12208
18210
53220
51229
38885
10574
20270
48430
22459
24867
56938
17267
13184
62224
46675
21987
30557
57697
3420
32533
6603
45281
52965
52152
1284
50555
61562
3511
22588
44341
1291
30764
23788
37071
64465
33842
22009
21940
11513
65036
2715
50875
5077
11849
31241
64662
56149
61551
58666
60841
7949
1640
-1
59825
1602
32904
37469
65072
63220
23072
9373
62413
11674
15183
55262
17638
1999
11655
41119
4094
13086
35398
35065
41316
11142
3924
8696
1824
23613
25300
31761
63243
29510
14504
22907
8647
15098
12768
60270
22378
22847
45748
2504
17643
6199
44469
34253
44715
58236
5727
35542
58290
5128
23318
48313
36359
34054
29807
2378
37442
25485
891
51636
47629
40136
56996
3056
63660
50480
5372
8894
33385
23419
30261
22997
55054
44144
9208
27678
22423
58251
7081
62139
62346
48991
22293
14581
52489
19631
16928
27088
43435
20735
30382
3769
37115
2988
39574
21401
14335
24258
47764
5261
40292
32079
53865
8209
30982
59471
61596
32679
27601
39160
22621
40146
38568
62449
21924
56930
54246
25251
34609
13047
47988
4625
48377
47670
64908
30919
403
63993
-1
62145
26248
34001
26138
29367
58650
57060
58058
3149
44733
13936
20499
44281
23070
44594
14795
64930
50066
57827
4993
7275
11874
16800
22865
57082
14734
21282
27781
13877
41323
26266
17357
7655
2280
5229
14541
40126
16622
54395
28706
42868
21872
58581
39074
52446
35487
5939
35712
3474
1387
65083
60285
23052
30432
41813
19318
11520
846
35238
1283
13068
50405
21702
47662
34367
45069
18449
17023
28162
43245
41923
19094
18156
24953
62051
51713
32554
21226
41421
2377
951
27739
61336
34210
29186
57200
58994
19742
48914
27355
14392
37762
28588
46502
57711
32742
60366
39640
16901
13869
33801
17873
40332
16779
16973
49275
55863
17821
13857
36815
53073
40257
38408
20864
53474
5754
4794
29704
19104
57445
38183
34844
27656
40280
6959
57208
51173
48253
-1
61403
148
46799
9789
47915
9286
20278
3536
38125
36394
35194
51728
55165
26845
57702
42226
17692
26996
15923
23120
310
47212
30239
34446
43117
17328
60234
1165
59480
25071
21853
57150
48242
59980
65003
64084
35761
23487
8872
62547
29231
10908
25207
51751
52381
18157
59450
3570
51661
33614
8454
65259
13302
32460
25073
36538
48195
44965
21470
53167
13525
24361
50601
24997
39251
25499
52479
26773
51417
51816
51455
55254
6825
2030
25008
42283
16988
26513
19628
10609
33155
28845
62542
22090
45908
22587
21013
47512
14748
6204
17036
24020
1597
37837
181
36105
17071
43598
52445
20020
39408
19508
22067
22867
8595
3723
17842
33261
27823
52333
21353
47321
37172
45749
39309
24136
64074
219
31965
3538
4355
1895
14635
27619
27861
27601
46666
39426
-1
53956
22291
50765
26894
53748
25599
49829
64852
53264
52107
39850
60772
46326
13697
39913
18767
21946
63339
36960
4874
11464
50095
20894
53896
22881
5442
38096
12320
64793
43937
46126
39912
35503
65153
57377
46414
35808
19703
45716
19758
32748
31252
45657
57455
38602
56231
64793
57920
16249
44837
16904
18659
24730
46934
50158
42886
32214
46267
41122
53509
43701
58053
63737
55595
33902
50618
48114
20151
62153
59626
30689
3787
38185
32667
10447
22846
6479
17137
63840
19078
44086
22219
26162
57877
15790
31591
15215
40977
56335
25455
20191
38237
33405
19231
45771
26973
44000
46540
59733
22385
12028
38835
45678
33324
14878
65360
32629
37680
6488
20452
40372
33916
51788
13262
16427
6042
16203
15720
22146
41942
50258
32191
26445
58197
4358
12653
26349
61286
-1
47239
5548
36933
26628
45822
20625
33783
54097
54877
28640
51559
58322
60805
49051
49670
21875
29867
28443
903
52137
8901
52211
59807
24555
54169
53515
5318
18521
18611
15701
10212
28568
12941
6156
22861
18254
51343
10132
4606
44345
6267
61655
37114
54815
49490
15530
34822
31923
32974
5013
12630
49520
12847
34965
16130
39948
12973
52019
19882
1801
63104
3431
22095
8692
53755
46875
36159
51875
34498
2342
20559
1650
53494
21390
10404
56059
40413
16204
41299
3661
50290
53053
53828
18214
21192
43156
14519
47918
49073
11570
57482
15902
31060
54368
20314
3043
29092
52084
39009
61320
50139
14604
59664
26228
64729
5047
38349
42750
33494
2348
61348
41024
56075
20790
26752
15391
56604
51671
56122
2973
61845
43914
53004
40848
47316
22212
42877
21761
-1
33289
35513
2391
24529
10494
53297
681
58265
14140
6463
3893
10805
10889
2236
58099
60340
41102
35074
53007
2213
13098
41351
46146
12741
15969
61518
2769
6298
45251
60315
31183
20142
5293
11748
7509
23369
38853
64760
32988
31964
50477
43500
15350
4008
4749
10742
21616
9141
41400
60168
44216
42173
26173
46299
54617
37435
48223
4312
59038
58652
3110
7880
41045
5728
56089
32749
63566
48086
48807
20054
28880
24239
53666
35369
34485
61238
3031
65418
52893
8023
18841
43412
63597
65055
36047
20315
25440
45785
2708
53349
40490
61234
26610
32190
48315
39956
3205
47967
34949
31340
63409
45653
43537
28232
13891
65368
26334
23758
59241
16456
23819
48798
21762
49561
60737
63359
61627
30300
49790
35152
35195
47855
40274
38380
12555
34124
26730
52959
-1
2717
6516
18675
4347
38063
18491
5217
45599
44138
17800
50707
41199
62457
22043
61268
12079
34724
63480
44452
15087
2053
9153
45426
30866
58524
27847
21285
9613
37749
54739
62494
52104
57279
46138
26018
18607
27012
59772
11916
41328
57585
32767
59581
57954
9626
2478
21152
47583
10204
59928
8085
12878
463
27557
24987
13033
50289
30692
59113
54382
22316
16900
51438
11929
3866
7659
28757
41299
24899
42097
63719
9402
50178
61169
31148
26575
62608
22661
12371
38730
40021
7297
24685
12024
64795
50920
39583
46268
14954
55465
49332
23467
30808
29277
1994
31757
15412
11593
12206
13728
29357
5809
9164
12965
29748
9300
13970
44665
8680
44381
11404
22334
12449
3584
53500
45866
15392
49706
40466
46758
63953
20059
56520
61414
55200
44553
10218
20238
-1
20614
26409
6857
8876
18564
21321
349
7077
34630
35976
24499
50987
48085
17801
56849
31637
56076
60483
9171
3733
6939
32541
12501
63574
61296
21825
42609
48108
15402
769
14810
14773
63197
17752
18138
18763
29432
53824
3835
25883
8762
43490
35747
57291
28923
966
6461
60594
32472
37022
62571
6606
21340
10375
44503
11915
54707
47679
40205
45276
27212
678
65307
35602
29068
24074
55248
37377
49434
35009
53784
40648
24863
38188
38971
35653
23949
28946
58069
55535
62739
23087
57908
58441
57609
17692
18539
8004
43227
54921
18994
2793
33554
7622
24025
47291
28868
63206
39925
50170
17935
65122
54957
34835
53968
55197
20815
33490
15031
23096
38210
839
11887
7377
59072
20806
40620
55351
5191
57582
40283
13315
47600
22120
51280
47149
36960
57718
-1
452
26632
33549
34096
54742
284
7777
27950
42132
14614
21178
47639
35704
64083
35092
14765
43896
8646
63134
37695
58315
6863
47040
34878
18854
24632
23288
19333
123
64814
61777
31873
6138
20279
38029
55003
49987
42020
23415
42881
41431
58744
44384
63110
41245
54927
8101
44911
10256
63690
6458
64461
3144
4004
7509
46086
14773
4000
59851
31558
43065
65119
6095
22728
18717
16388
65242
13091
53775
62046
65454
62871
8077
7188
64167
47752
41406
1265
18316
4078
44694
60571
9428
23331
42657
12439
45500
4372
5855
34182
22412
61862
44430
48160
22018
4924
20113
61718
10164
32361
33527
6630
54848
5073
28941
18831
31401
39097
45576
6198
40491
57887
53841
32301
53973
28391
36099
2001
46400
30910
58523
31296
8644
9775
20477
38533
42392
15570
-1
28566
65434
47300
3382
35031
62212
6414
9888
8979
59057
61018
47449
34265
18839
47787
39940
52368
36901
61777
53637
12428
61881
33297
6824
18129
19903
14398
30704
38549
38204
8843
57844
21638
47150
65247
48406
49753
37595
10078
11155
1396
21716
43822
2349
47259
25561
13040
17198
28598
62464
23917
34403
14381
56876
27709
13275
36461
39099
58466
16147
27266
25212
16800
40289
38834
2291
59765
38615
45102
28120
17160
59842
50938
55973
55151
17892
56145
8063
54578
62203
41809
35326
60815
52181
19998
10425
43614
23289
9436
7024
25486
56100
33363
61899
5515
44672
60729
673
26385
32368
48531
41078
16423
26714
30637
33429
30069
39222
39862
18797
22310
41837
11451
25347
463
28790
16625
25018
45866
8375
56694
32341
52788
42073
9075
14349
40043
22097
-1
11237
20862
23043
3431
17500
47957
30772
56179
63244
26624
24500
2179
22805
21865
36695
17537
64312
64229
7658
3994
35938
11146
48791
25726
41450
7799
33546
8856
41223
8078
42304
36506
53027
40037
63971
34772
50642
59320
45004
10013
43030
26274
57296
19651
19988
28528
38884
31669
55082
32052
14613
10460
2625
57618
31940
28561
5068
25838
12355
6816
14694
65296
23767
51829
49702
53040
32779
45443
21048
39755
55070
30888
2143
10867
25864
34364
38015
11922
15150
34515
54383
39257
4021
25561
39955
23232
34057
63289
36670
808
23403
6671
23108
34112
64996
14672
16774
4261
19071
61645
9228
38532
55118
64105
64623
50070
52471
54921
19122
32795
34121
33749
8684
34116
27637
57661
22347
20926
6368
53376
59294
31407
35847
56102
52958
9089
31312
8941
-1
