-1
29249
3751
52088
50304
40927
20772
26883
10339
33153
36364
55126
25222
43285
44109
1844
9169
29453
54685
48139
57677
22534
58193
9429
20537
35030
13941
43640
2974
9807
42227
29146
64738
1587
20226
7377
54795
10163
57867
13574
57201
56692
50100
41311
38544
48723
32034
65151
55371
34281
56493
52368
35944
23514
34960
20670
1188
15300
4850
47132
2232
31631
25547
54762
1060
31519
32080
59350
51583
14823
56057
47962
55402
26941
1795
39940
7891
57055
6004
15616
35664
13667
36540
24291
63658
32809
36192
15003
33218
64288
41717
46854
65161
49330
38856
51883
24368
24547
43198
8394
49333
46770
54135
24382
58320
42149
18630
18468
49685
51079
29961
2370
31738
62057
10366
41216
15857
26687
52986
3638
9928
59585
46440
622
1387
54356
54212
10865
38572
-1
23514
7101
36524
10127
14432
41202
2177
43151
15104
47714
65090
23929
29581
5408
60508
27929
20184
1487
56638
9281
5809
65411
18868
3769
49280
64125
20413
29744
65108
12767
36923
5684
35799
22395
23744
65033
28485
65276
21123
27910
27343
62925
43957
43966
13354
13869
9628
35127
38708
57992
7377
45433
7257
26779
16145
30743
50395
63897
38813
63196
33868
2783
58534
2535
43283
28170
24933
3756
35606
45846
28974
63448
47884
40491
57084
9466
57409
25978
28185
61449
24536
48702
27481
55715
54904
35958
10812
27507
51026
40635
52425
28672
36565
46946
47203
48687
64274
16956
44341
25384
6572
16263
27906
20577
13028
26016
53803
64385
26789
56481
28737
43457
58926
64841
57531
36468
30192
52548
42361
59579
37871
19736
44975
33812
40127
8290
51253
24401
-1
21608
60137
59360
30448
48246
46371
8299
33444
61935
10440
62570
45272
34371
57926
22017
25081
33516
12640
21489
43370
6000
59877
2777
45186
36689
36888
38808
60458
37346
52040
60084
54767
43237
13385
54970
56083
30874
34465
61886
64968
55629
32588
43968
37159
7462
64670
10491
40692
25807
54112
4156
2783
21908
49420
49225
50108
63072
31283
24417
17225
29756
55417
45181
26799
61267
10046
56342
38021
26628
29520
36146
4984
50589
4908
49030
22191
13484
64239
52472
31832
63735
38097
56513
41703
7151
40437
1803
65420
3540
55866
32544
7305
6249
64481
10161
38788
8228
49204
61819
56275
43498
200
43904
10400
57518
21279
56312
32401
46824
7619
19975
18200
29233
25768
58038
38710
48502
54434
749
45744
31417
6709
31090
64996
39975
9749
38613
27117
-1
42583
20079
37162
12537
54238
54676
25982
51629
35748
17997
28259
22508
58650
45464
27893
62758
59657
32754
31096
17208
14839
27400
31035
65382
44420
44191
40122
59721
7037
56838
29809
32291
65268
49682
10498
15799
6945
11736
20132
36364
62885
6140
27394
63036
11143
15412
3499
33145
5846
58799
55149
60767
7340
60761
62968
56303
17660
42454
1739
9039
9683
39287
13014
10062
60955
24915
7386
42780
1445
6412
7865
32163
4742
40771
12154
55212
55844
54209
60197
3837
41453
9485
41440
36384
11609
2188
38998
38532
32605
49485
43006
48523
36246
23489
50088
53683
43303
51918
5588
22051
1147
1674
59984
30630
44033
33109
24762
11463
42705
22424
53904
20441
10228
58907
37478
8889
37598
47377
26635
42816
10577
38098
17509
46837
54807
26894
63548
45378
-1
45053
18087
10639
63644
5758
6188
26193
2258
20476
48758
32477
48019
8498
24876
2087
2001
45281
29326
25920
10795
36408
18541
60179
61481
8614
17132
1973
16399
43954
62270
53631
37548
27855
33558
9543
28746
4088
58004
16704
32496
25057
56639
53415
4827
3598
56661
52476
59817
40050
31121
28618
51371
62700
36421
59053
28966
41168
1705
32741
61592
26524
25402
63532
3519
2682
33913
61742
39514
22918
51183
33775
4156
17219
49117
15948
6824
18664
16561
30709
35387
28472
8279
28782
49498
22464
6210
34339
59538
55470
4682
17077
48256
15336
64913
31375
28956
58458
45700
1210
62783
46813
43289
18815
18658
48040
15716
60633
5881
18843
28826
43526
40281
8192
36952
27691
51641
37925
5926
43929
35560
32970
9228
19833
37237
43900
12552
19125
49911
-1
22709
56011
13278
64213
58344
25373
37051
1490
11649
14712
65269
22811
10719
15025
48962
30439
15066
62560
34951
50047
43426
30234
36603
62370
62238
48848
33268
31169
48711
20590
46985
38916
7756
38010
16558
39649
28999
30855
61077
57169
7434
62031
62371
47081
3081
1752
40470
37821
10378
6085
43150
14498
15230
9968
2427
7008
29651
55507
63061
30389
64427
6701
53728
43753
17754
906
49833
52322
23095
56309
16331
14399
32780
36346
53783
54106
56807
65253
37250
26570
40894
19577
46101
45815
4674
24616
30370
36914
62481
18328
55210
58329
48303
2633
22894
11632
31563
19486
36488
825
31856
16626
1481
8823
40700
64141
62480
63437
29701
61940
43535
6951
26884
6968
40999
5257
17786
11416
3561
9280
49236
10545
12781
16050
53267
34781
33702
42913
-1
43084
50485
65339
60957
52792
31185
1650
32511
37490
63731
4423
25701
27340
47510
28691
47425
33482
12585
12817
42866
47217
9229
3158
47617
5761
10647
65181
56718
9570
18134
17394
38425
29411
297
65115
20943
62595
23398
20397
64628
28860
4216
15777
46181
20165
65314
25194
43143
31991
31477
4593
34797
30855
25874
64142
2202
12344
35167
54369
59307
4473
42729
13246
13318
19763
59601
6552
13632
26095
58823
49947
61704
40995
13352
3795
21287
28308
57045
18225
8256
47961
19926
39019
57673
55561
60265
19361
9988
55378
65052
58128
32490
52673
4238
9465
5644
62168
38420
15402
55926
21228
99
58827
20979
56005
6967
48851
45017
28
44404
10520
13798
23942
40310
28409
28942
62328
52798
51194
32651
44171
35962
6752
43770
63109
56252
53326
12973
-1
9609
36555
35811
55077
11432
389
28332
28538
49303
37970
33122
33482
44807
59452
5380
37020
37472
51225
45783
7863
29887
11629
6057
3665
20166
16109
51375
11448
58351
5104
8943
6309
18225
6568
35950
7607
3781
40231
2063
64554
46226
62882
60889
44704
13292
48749
11728
52665
16066
1826
18552
35850
47010
27605
31810
26185
31782
52650
58901
11484
47435
39071
4411
18728
12288
48616
15050
58469
61433
34444
62717
6501
25967
9747
36476
6818
30226
34201
33137
20196
34048
21629
50092
59770
61513
3094
38280
38283
39398
5588
15035
24113
41804
11458
64605
61440
14706
6475
44719
2761
11743
65482
36125
48419
31815
30889
4867
6286
56621
65372
54230
61770
47800
41741
64247
48463
31523
22706
30000
41140
59334
37571
64664
56120
32031
44323
20311
28233
-1
37230
30997
20111
28113
63372
13179
25829
4472
61737
52330
47055
5870
37050
27694
53371
50249
29588
64246
46646
54943
47127
32744
14302
15
58039
38189
62070
31458
46162
28473
6723
25807
60419
42481
2902
39594
59928
43419
57110
15145
58027
19200
47700
6284
33266
48625
28232
52879
10436
38106
23680
18304
32563
22793
22931
57179
56389
3620
62757
57056
56586
24329
36147
30842
6935
15929
61452
10646
14028
54559
31768
2390
49114
6291
20158
10414
28071
29882
60139
60662
42765
2050
3632
45182
82
51564
63422
28131
23974
64128
35382
59017
44419
11884
63716
14675
37761
47546
38405
5088
65278
54604
58902
3356
6964
4207
37255
14375
22545
28301
50124
62715
45846
59122
33847
46813
27642
48568
47194
53354
23911
40708
21624
54728
31897
2144
25761
26117
-1
21302
32239
33560
17763
61171
1918
3176
64687
25265
1826
52024
17833
50876
5620
61004
52015
59537
58958
26051
42326
3595
37567
29325
35905
53286
41921
32769
61111
35509
18053
12043
49901
50713
57535
5457
57743
31072
45445
319
31250
11299
49571
50797
45970
31644
40201
43537
51331
62831
31931
56262
44491
45807
46429
45563
64698
19867
64817
8072
53748
13839
48977
1290
50894
40992
6381
1019
41543
47979
7554
62101
42816
24416
62022
26212
3281
55869
64516
64504
35269
60011
7866
26753
23787
41604
3587
17656
45221
50588
20737
55810
20237
54870
19961
54459
54078
32059
3998
26454
36714
42490
65130
39706
28483
39280
13607
37207
28507
27452
16211
34974
31467
4416
63540
16541
52890
57469
19883
39587
12021
15229
63407
38209
16143
20175
5763
33561
64493
-1
40920
51910
26028
35465
2226
9535
4677
23891
5184
43633
38428
25962
23962
26607
29218
5818
54427
49735
23878
24045
134
61170
21476
64014
20979
20542
39513
33228
7892
56016
33632
44426
42882
41394
18761
8404
27115
7181
24726
9534
17763
59040
22226
2661
58403
58471
35459
4839
12062
27392
35581
60912
45146
64141
9115
63539
57550
62684
12428
2575
62043
14854
18128
48403
63274
10100
30535
8096
8212
26995
25762
37392
57213
4906
22100
52668
47065
49006
59042
41925
34787
57508
64286
22734
47940
24687
42039
22865
25974
50323
22980
20137
22877
2282
16797
36432
61359
31380
16814
23850
63211
59763
21489
20321
10502
3818
52534
21525
51192
9384
49999
13446
28655
25038
50030
39753
58831
41133
5076
49498
10463
44508
45940
56340
14580
55759
45086
65192
-1
49109
28883
19586
45691
21242
64909
60006
1997
56650
43767
7764
61696
50806
63840
10470
6933
18270
34109
54450
39493
43737
60035
2458
62763
23974
8116
11120
29132
54712
2591
28537
18457
37997
15949
60211
61214
13524
55346
53932
6935
13058
43334
35533
22775
16027
32583
54860
17635
22702
59966
6046
56010
49968
5107
49456
64079
55160
58167
45132
10945
19569
60376
23557
21211
35244
44090
53821
48718
45721
26520
59140
24959
42382
54124
61944
31927
45112
45471
28483
50750
29695
19260
33347
12428
41664
20651
62916
10260
32536
56460
26272
8863
29964
49869
32669
20477
46001
18057
43356
64890
38128
9616
41068
7455
54588
919
28396
51838
61727
37682
24647
6474
35124
47907
25331
7617
42805
41826
23048
12251
13638
30044
34092
12701
61312
35340
51199
9899
-1
51454
33321
44971
17244
39078
8622
61912
35796
10029
34839
38205
16521
33817
6972
6718
11721
5896
4249
40192
5914
44449
62487
6580
11358
30031
57159
62665
9420
59983
6588
55065
51828
58089
49580
61238
37189
36419
11381
8237
9431
4713
50427
53807
50291
4370
48797
48316
13096
59630
46556
36305
64782
9550
24003
42779
27443
60376
25484
16586
45891
27073
24907
22450
57865
12084
9366
31121
7159
54259
29734
52036
30759
866
44596
45705
56267
23778
62787
28879
52001
62571
4232
48781
6540
44099
32841
7909
57388
52352
38693
10578
62235
46282
31368
36186
42779
1564
29640
48427
34051
51415
26788
15699
56114
63345
14688
13021
48303
26797
23347
8298
1093
24425
23140
52219
20983
20876
47769
47798
5612
20643
42463
22035
25742
23886
54327
16185
25131
-1
11527
4707
49808
302
43262
23502
5738
15511
16010
39208
39014
20885
17864
23955
44137
7438
56407
50288
2455
36869
7223
64036
63200
34539
33818
26404
45982
28610
59968
51000
49992
28309
48494
51183
31894
19194
964
36349
10721
505
48015
8918
11000
7883
56053
16860
8410
36494
19052
20190
24351
476
6153
18413
5778
24808
52809
16111
64829
355
501
5427
47940
13830
1603
58909
41382
47076
46950
10203
11905
55238
32887
38261
51963
30695
60333
12852
17865
9448
31218
48427
51209
3201
36991
40734
45150
1339
17269
56345
58766
3227
25485
64771
35702
57452
26246
36739
62771
16198
37040
39687
24892
26263
54924
64706
13530
16655
24036
18161
4539
37654
3057
36543
17610
614
36246
28005
54012
17244
40588
57966
32532
50962
6619
16407
4518
37333
-1
25271
27671
49242
45664
22878
16705
49498
31173
6710
59055
56379
40873
59060
7622
23053
23842
55049
18375
1418
41974
62878
4617
5972
33842
4385
48863
2445
8933
64034
59896
41884
7786
54022
63781
4112
60929
5579
40281
24275
2361
3237
34248
60460
33292
1845
20637
13921
3914
16202
9681
52348
44532
28728
63557
10921
36199
25800
30956
10328
17769
33632
62923
54837
8519
19850
42666
1367
62614
14053
38160
59851
17608
59431
20530
37427
4460
4791
56736
31658
3075
8922
36763
55065
54876
34976
37007
45190
33659
34120
30215
32099
42593
27542
57006
57409
34063
18846
50378
25424
60504
16706
14988
26761
33717
37090
6073
15763
9576
48214
35184
61664
57168
56851
23546
63382
48835
56905
60947
8835
11580
9182
38240
36135
33184
17968
1957
12303
24587
-1
6844
40381
49203
64568
42085
50256
34219
59340
55437
54169
37446
56438
21166
28978
18545
38689
8831
64074
53465
33760
64711
60370
52607
10883
64843
11672
62818
41387
26780
46009
14492
9714
29886
4090
15414
43993
39638
12106
47139
50656
6645
39731
12661
14361
38120
63873
27563
11469
40040
62178
7458
14643
4908
33282
3834
26240
6133
4624
49629
47518
61539
50767
38295
55475
37146
16947
14577
1638
53022
16999
33858
52709
6278
8542
31084
804
15176
10031
18576
52615
1676
25518
22753
56010
34050
41173
7254
16468
4663
23578
26436
26498
832
61578
38392
19031
19508
1488
60113
18812
10164
42273
119
13558
8356
23260
22491
35057
56184
62787
37366
37358
9913
42447
64489
8606
38916
13989
55936
59657
9820
43494
33810
6451
30020
22642
30044
58693
-1
58738
41894
47758
59023
35279
59168
50444
55580
44680
29804
620
11773
25020
31858
12745
33059
41087
4979
32559
44499
2446
32995
23957
2553
19706
47197
65311
63753
13086
58027
32432
12702
46865
1409
42973
24735
44728
26013
52337
41649
54025
18721
50320
4417
736
3401
48824
48646
31283
33674
2335
43377
44963
8455
53450
35192
98
37882
2403
9818
53250
32056
60881
5037
34579
12981
1489
60615
55221
53387
41709
36393
18753
31375
36276
26827
10621
29575
58649
6318
27463
54308
55899
59900
43838
54525
61624
63125
60933
53118
230
11469
63614
36774
6665
63814
10200
4836
7364
20419
38387
29664
32930
17843
13983
5147
35689
17399
23797
32051
35413
508
58584
51735
58504
12247
6059
26810
53942
65089
31625
59260
29251
32954
52059
14492
47767
59737
-1
10782
38295
38436
59337
44829
47046
53471
36281
61048
34069
60425
40506
47411
50444
54633
29927
53310
27569
20929
50463
41321
52850
20881
52052
11280
62730
60052
43431
46428
59747
49524
100
27558
33315
21603
17166
58522
43098
4797
62264
31696
39739
50844
12230
65346
58122
4584
8094
50079
39020
57704
12126
24249
24249
16803
7918
63526
27322
60430
38997
27822
57318
60143
62060
33365
3644
55577
47433
3740
50681
60825
10821
4875
43141
28070
21768
61215
8584
45235
36919
23541
28909
1030
43392
19709
63906
26900
36936
2780
37534
56167
54164
27607
13233
62631
30218
51250
12805
37750
29367
5067
20476
16957
64292
38485
3531
31322
62676
61223
26813
1122
21404
54055
37761
38647
14731
51649
55109
31435
7064
20372
19872
22009
16613
34097
1708
9702
5545
-1
38846
51475
28280
27175
3466
49349
26363
39105
12719
36667
38930
43479
23834
9860
22109
33077
24032
8059
28511
2812
42160
31876
33423
15816
14799
244
18009
23208
46500
10239
45681
52777
63354
58976
19546
24685
41657
3810
46559
45306
49933
11873
61921
43806
6786
59685
44521
47256
51630
51150
1772
35048
42402
20421
59346
60708
1895
63772
12522
53325
63680
19562
61962
64582
38606
23402
44348
53355
42062
30236
43644
22432
8105
31126
26521
32925
43419
61638
20973
57103
60018
15090
29127
37307
64204
56022
40011
53114
59073
57562
14836
17986
896
22721
49022
13974
22523
45880
51691
3201
41257
59714
44753
63484
5809
11420
30390
16970
37468
28780
61825
42972
40857
38395
21345
39723
65021
58910
45465
2974
54872
26612
31338
13642
54482
45588
23137
52619
-1
4653
35729
30732
38106
57151
32053
30988
36910
178
32345
8969
8709
56619
56058
29178
45668
24430
36330
57824
34098
53765
30889
26127
11508
11490
7265
26591
37423
55685
61312
52842
41776
1135
45492
34308
59885
51427
22156
47422
35729
20035
42049
9864
42475
49898
38748
4185
27694
17025
7267
53073
5048
29252
62488
5027
3324
39507
59922
19433
20922
37239
19954
31635
41618
8838
43855
35448
64893
28905
48220
13902
38914
63548
40432
34661
16292
40242
11507
37964
41081
45042
59561
56086
54387
27709
7122
62448
36800
65218
15712
35257
18760
34291
40987
648
11077
53904
50522
47332
13139
8571
22260
5816
47424
41671
11070
41782
34999
45928
44507
61077
35415
20555
23857
12740
22860
41202
21298
55174
64819
28449
14033
26480
19529
5429
3055
41866
12402
-1
49600
41089
31276
9775
8375
27978
60953
20892
44067
5693
16070
63424
8810
11975
8660
44166
40170
37431
13512
59221
44801
11286
52119
26880
18737
28055
10272
6369
34962
14186
2156
26443
55751
49878
11184
27430
51262
52778
21059
43004
15288
15988
20600
54064
16234
58443
59801
39223
55987
30653
32848
33246
31044
44477
33392
23638
51371
21866
29451
12335
38049
14375
32778
44945
27620
45655
5632
2177
53980
23634
29496
33917
497
53572
34050
35616
20439
8705
35810
25677
26421
595
39489
16688
7941
51840
56463
45648
61010
56323
53612
2397
21857
14881
38524
21864
16827
50653
59940
29315
14395
16521
41443
37065
53558
41207
37137
52536
10872
19645
26465
30032
6191
42282
20581
21323
49288
37620
17016
27447
64197
6297
33903
4525
9172
5656
53806
26818
-1
33402
18993
53370
26502
35055
65433
12705
8485
46916
50186
46595
63816
59009
1312
34700
12873
50115
10537
36132
54669
31678
23424
14859
7018
19639
60667
37758
16874
44514
17410
33160
22674
2444
23646
23638
36485
43323
3301
22272
9434
26341
32122
20021
20612
25609
24572
42550
3143
38702
296
51098
11943
5100
52764
12185
56209
62379
62363
13768
45051
32501
63473
59955
1618
42594
62913
38004
55437
53035
39019
58012
51010
51343
45156
44510
28190
57330
24617
23433
55320
37316
43563
17050
45958
5825
33813
46090
13519
43103
34707
26541
54780
41615
30836
37597
29173
26720
61283
6235
57948
19961
56619
6025
16849
22701
2780
38703
35989
17576
40322
8663
10984
54240
58740
64418
17535
4672
48571
36383
58486
21656
9400
37297
20954
53335
23864
55766
4240
-1
31143
37612
54112
493
61117
51354
63515
17209
4709
49600
52308
39136
62292
42062
64236
38611
35881
27479
5793
43913
65341
59531
55460
17748
55528
28037
55475
40464
40311
32471
42795
53930
4279
54730
48698
54451
11141
1846
28100
18066
61165
10746
52045
37712
61893
35505
26837
43167
59633
35491
61666
13189
4760
40849
40233
31703
26079
7510
51696
62645
11654
33424
44032
51832
3831
50136
19883
38412
15377
24905
8962
30977
8383
58675
37502
29215
10599
41327
21031
60843
61206
36955
24176
4248
27847
10784
62834
13253
21617
10716
16491
14618
35520
33323
21288
9544
4624
22982
43565
1685
18739
60894
29133
26385
63164
54409
18873
41413
20689
65211
39410
31330
58240
45697
33658
16645
21532
54949
12782
22474
60438
52373
45950
2639
30475
11347
47129
12480
-1
22569
10065
12513
30609
17222
47669
8113
14201
18337
13458
65353
38516
47421
59368
64687
13608
3673
48403
47662
36075
36960
35495
26069
18783
23257
3580
6693
55135
62133
16220
52319
17244
39064
10345
46698
55942
18021
9831
51979
42802
48986
1476
9869
34043
42773
13626
26085
56703
39123
57211
25179
32984
21764
24898
35322
22293
19682
8445
1970
7580
56549
8961
46190
60109
8232
31897
64258
26300
21735
50961
32526
18614
50984
2098
55960
28423
54080
281
27689
35379
21804
45396
52139
50934
47419
34210
3559
6841
42221
22559
51996
11101
2909
26387
27691
65088
9998
53792
18626
58311
19869
34255
44550
18192
15423
56487
21054
15783
37783
3330
29517
26979
27399
61099
38527
44794
38842
35542
7783
42906
34114
39497
9740
53293
22216
21391
21000
53193
-1
12402
27371
14417
41255
14578
20529
9348
4640
36229
58480
34007
60109
47677
36839
7573
1627
46556
59726
16785
47776
25794
17555
12648
8939
8678
27964
1623
38043
10780
23355
42911
41053
52521
43705
21758
61159
56811
28137
61359
20483
7841
42162
37379
6851
403
36764
41694
51794
28872
64323
12350
34
47441
32538
12617
39356
13430
36417
35868
40468
1770
32305
24669
18910
53318
41953
11567
39291
51618
28134
15392
21720
8683
49728
27424
53834
47296
15855
190
21322
13308
1822
51647
59920
51977
15951
60697
52077
29335
36038
51438
49922
10696
60774
56076
46671
43674
31564
30152
44363
28289
63186
31418
47085
51469
19858
40881
30435
57452
57532
61512
10823
33524
60408
54319
44640
15047
46906
57839
48532
38357
17659
3030
19754
6936
65015
43312
26730
-1
2110
38106
50472
1633
49329
4519
3837
48915
36873
31273
42901
48737
9325
23737
5244
51939
33268
44338
34450
6585
37504
59990
24270
63597
12019
36094
6754
32492
27758
27569
21623
43215
60113
41856
16010
55933
64253
5118
2300
21201
46963
25641
17673
9665
29016
43226
9674
56337
17313
60985
65529
25439
32316
30328
7886
15543
14664
25209
1267
48163
4465
22645
15533
20043
57877
31646
11555
24235
48234
51231
49305
4070
50636
40971
53488
9931
43202
6830
16385
15759
36539
8963
51244
38596
25856
9468
12809
15693
15568
24793
26757
18414
20987
38230
33777
44132
28991
15144
61475
2268
16434
11276
8
5043
31385
40353
43414
12367
46135
17025
16348
5031
64
53461
20492
18179
37563
20553
44031
52517
45567
36268
3297
50845
53485
15515
15004
42316
-1
8513
63213
45689
3499
60074
55369
15421
56423
65484
28897
64885
19034
56771
18245
27817
19677
30407
33506
38666
17245
33958
43082
5165
24103
45315
34783
46645
7211
6319
34302
47459
50029
51315
57038
47452
5788
47794
14778
47311
45067
432
13692
54746
36463
26394
39615
50109
1988
24082
42201
33073
51624
37974
49834
61396
58868
53398
9731
64741
12923
21867
6489
34944
56294
7189
41108
60951
41058
9931
64846
9035
18144
17062
64891
10826
32388
14050
27029
26359
31298
44708
27986
60662
39144
50373
11889
3622
61881
6266
15197
23530
32924
30154
38483
23792
38965
51963
12853
63763
46750
28056
20519
57519
18513
60175
55025
49168
3832
52250
37704
36922
54495
64653
10875
30687
57834
17059
16268
12021
35909
55983
49151
58921
19180
18895
870
25993
31545
-1
21883
63849
22108
23235
22958
207
33777
64938
36378
22164
57000
1713
51219
29555
20683
32643
59986
29754
17529
20636
19425
2865
62485
57098
48887
20256
30793
7632
16786
47721
49180
38942
32611
44300
29574
64879
15184
5086
48374
44727
9710
29026
42378
58630
39746
55811
21956
42839
61353
4137
4426
65064
23790
24775
28940
23985
29486
23156
37354
25026
48251
53586
59506
58927
52151
7830
49556
13174
20250
39352
28626
64496
40437
15404
44232
6759
51826
23343
12489
6296
34551
63988
19288
59758
53487
57279
13635
26289
21176
3937
44875
64860
17849
53578
65330
24670
51392
35268
58136
37290
18782
23920
47167
9049
44206
8012
48010
6261
45008
4507
43381
3996
42650
7456
49551
6734
15432
51795
5975
51891
32062
27729
65431
53889
12994
26571
20700
42060
-1
60483
59555
44853
11464
37791
16148
55369
37080
31743
60668
31364
12753
26846
33139
30810
17185
32913
62706
30390
6285
12471
32968
53251
11799
15736
297
53000
43028
40307
12305
51642
12817
61639
57343
59695
56494
63567
412
12971
58789
23689
13059
61512
47143
60870
18527
20930
7891
53600
59307
25186
32657
65219
20940
60884
24095
9088
39176
35382
20102
31591
45849
54209
40784
42114
60776
40487
31651
10960
2177
11225
57065
59094
1637
13374
7452
28119
47489
11547
53779
42735
30934
39153
52513
178
29506
4075
63356
52666
63336
37567
17770
36786
26061
31290
54227
11327
64215
22236
5142
61418
18332
56582
46385
41050
2571
11068
38198
9533
27232
29419
46692
12656
38593
22202
831
12663
62574
31763
18422
27558
48675
59297
9048
13223
54192
4783
44161
-1
35205
27805
42830
31432
13878
23093
437
13559
40345
57151
32321
19290
24639
16648
53873
62872
1693
56270
14475
54200
29951
37148
17328
31725
51476
40232
3139
2175
26429
44405
25665
60167
60356
17399
20194
33403
59080
58116
29665
6381
32124
36890
52059
47124
15135
23325
61255
54869
52483
35896
56030
5529
49407
48824
7426
16117
26173
53018
54413
27622
62497
22186
48581
39899
11315
13314
20077
7575
2275
52023
52489
16720
22462
23734
52147
36858
48268
54978
27304
17620
28801
21472
40397
25349
34835
55874
2481
63904
53940
40140
2808
62160
9465
44691
20292
21429
24456
51758
12282
51208
38117
45788
11328
20924
6925
45918
11257
26338
58714
15048
59508
10328
60716
62588
64316
7449
49013
45969
8126
3757
40844
59620
17109
6606
65498
22318
11747
52070
-1
2008
61199
59851
34495
17241
62212
26122
43643
54666
29968
63577
7138
64771
57416
2856
23663
27843
24133
24133
8695
3187
38820
64290
12544
7693
55090
17690
51481
10716
59445
20151
24271
36523
27483
6846
54166
38751
7568
39013
56364
1935
35608
60322
3157
16828
34356
19278
61491
28167
17818
20441
43961
65285
2104
20784
2432
22443
18910
51127
14895
59930
8226
44010
10112
33901
61554
47940
33494
52389
33463
17273
35339
2252
47127
24310
42090
61297
63689
42825
62262
13043
18754
39705
41059
13406
33708
38266
14830
4519
30067
48775
14934
30529
65182
24557
57352
28011
63847
11695
9784
25959
32960
5273
28350
24172
55988
19241
32003
31916
30449
31873
40474
11946
20228
32479
14830
22966
8215
3193
64164
4916
5044
44920
11910
50790
3192
42335
46835
-1
59409
9623
14246
53146
43239
52539
60360
29632
20355
13165
20021
17
34685
22827
14209
65403
58663
40080
17371
25823
24062
28472
54003
824
13241
19650
8850
5952
38083
55971
43721
5158
63262
39037
17283
46749
16564
58671
10232
50982
5856
40127
1536
14063
42394
5032
53785
59334
12389
44143
42164
8838
54298
24370
47284
21575
52050
8021
13248
60110
63845
16054
26788
21777
35689
56093
6757
35744
27276
21770
65451
20207
46846
21475
50851
53911
20138
51006
53796
39383
54270
63830
36621
28629
13121
31966
17524
56470
2499
20886
53726
26957
51523
38079
31536
18492
59944
6504
52840
39429
28438
27920
12745
61877
38915
33573
40067
55613
43547
48979
45480
55871
780
63107
15092
31460
3651
37714
54758
5218
30651
11410
34913
20039
52743
17074
56859
24604
-1
23371
62602
11786
6810
58599
3748
45532
49547
18461
56934
62178
41046
41189
31784
35210
25034
36972
55225
57677
63094
16091
30663
2295
61469
21649
40876
38630
25657
16683
4837
2899
38435
65127
8204
59217
35449
14233
33426
55021
41323
5860
34403
48684
46808
49329
49805
35361
57334
13070
63609
6895
190
48025
41512
39820
31736
44078
22967
45073
13575
13452
55660
38865
8565
13466
34228
20611
53712
53597
41735
62831
37645
37789
64884
51056
22587
14599
49512
37737
27391
9290
31463
33277
540
52244
27560
43357
50334
49269
38528
13832
38508
9167
9594
19766
38819
59613
19136
33819
11719
38542
886
23204
14536
1238
27772
34815
36334
4550
11456
17832
7263
32786
35969
44110
61558
33848
43390
11471
25306
13909
16301
55111
41268
17678
1869
50013
28540
-1
27298
55216
11283
35868
51436
63110
8756
50094
52190
6179
22966
15663
9666
58798
45634
13778
16252
18352
17998
10306
2077
25884
13040
46930
10110
47847
12275
60349
14388
45275
3149
5709
14809
46370
32177
12428
8864
49956
12617
3441
31416
19950
41755
62612
48502
38469
45549
22493
3481
7416
41894
37139
11328
51467
56033
65122
20160
35789
51508
6001
44705
46902
20516
42531
3748
46592
45234
5076
16232
46543
63643
62004
24092
12966
18246
52845
61270
52128
64644
22641
9651
18288
11351
55953
26397
27454
5069
31222
796
50887
18149
16848
42826
40954
49538
40856
1435
17708
61096
52473
20000
60680
49786
12815
39617
51131
58163
23737
64273
39864
35807
37426
26325
10711
4673
57697
2321
57488
37814
60696
60454
39778
19104
5251
30814
45110
63372
30084
-1
63575
26158
43866
56146
8659
56663
62377
31678
57738
35178
35895
24116
6694
58447
18920
43189
63743
5309
42453
54534
53549
5128
61634
19663
13001
54813
51886
14982
50448
64793
46854
52061
26178
32425
28431
19790
39348
26273
13093
64472
14797
62394
39413
34108
38293
42485
17302
9540
22209
18950
41884
17375
27528
44965
49075
45903
55772
22364
29329
47070
17333
28767
25224
51007
46518
61249
16600
52405
51881
2287
20329
8611
45484
16454
34363
54239
56600
49338
45252
55796
27218
52831
17617
33184
1522
43663
3033
16138
3335
61932
53794
47401
37528
4731
38202
45023
36494
21886
60882
64529
50030
23520
62663
54936
17418
14915
2808
44187
65284
55862
26136
50261
50799
64445
36101
46953
14609
44974
31154
29852
33976
60736
60631
37097
499
22392
31413
49017
-1
7931
53718
62417
48621
30960
60311
54510
29543
52347
13068
50922
28390
19650
49989
22154
46034
1179
33275
44834
27803
6265
11716
57903
40516
6766
13031
3091
60117
62950
19750
49163
40221
5170
27238
20347
19009
24786
22046
41608
9893
59268
49534
29152
6518
57516
19949
60504
6849
48369
60102
25374
24213
10296
16645
64386
24076
51614
42594
8824
32144
62663
14106
7182
59338
41760
59243
55576
24023
26228
10623
48494
29925
44137
58661
37998
24247
43051
22143
1991
30198
53697
15798
8207
36908
57913
23637
41646
54351
27071
9523
26590
1301
29877
56399
14387
41515
40206
10815
29086
29211
61473
17853
43544
43928
24568
59134
22686
50142
9007
57419
2683
42384
40110
35217
581
37028
34834
13065
8807
55298
49826
46180
1291
41201
30821
32734
62323
32729
-1
42164
28105
2264
63272
38568
56618
52612
23948
31774
56958
31672
46704
24045
32293
53014
53323
11439
50778
63146
34901
38915
42483
55666
40730
63510
29236
18120
47819
47279
30706
52662
18508
64265
5806
60274
19111
43117
61287
52718
47262
41503
36491
28356
39786
56162
63928
54299
8331
27566
25235
4755
36642
27374
5276
37999
39480
7331
21073
35233
13796
41076
39858
23590
25235
40915
2983
29893
41239
10102
34432
54986
52431
51902
28337
55057
47526
43907
48062
8120
2357
40395
40474
22108
35029
53354
41820
55290
356
12672
23527
43517
35146
49673
56472
11918
48448
22657
46385
60255
34200
5311
33053
35384
64314
41115
5204
16655
17376
45774
59148
43426
10813
31722
40980
50556
48280
39060
28424
59478
27540
32720
58044
60370
12368
51374
39569
38634
9195
-1
31113
59649
481
14820
43899
37780
59453
47600
60193
47529
63268
2477
4594
42904
7063
16235
63358
50177
54962
59701
543
32455
21148
31614
27702
63515
48335
6148
25512
29797
28747
59528
33022
980
7126
65053
56831
26304
2932
34426
2907
53311
21782
44148
30249
37730
59705
46949
14657
56178
690
2549
37709
7309
56015
1837
45277
33592
55957
8685
54291
101
22356
56618
19129
23096
53544
31089
27793
38852
43238
5
36788
5312
20478
858
33424
2614
26804
59842
36222
14650
43819
11359
19936
36668
57770
12305
58337
28075
32155
50999
50483
56904
60131
19637
52483
42752
55658
62952
62975
55117
20427
42905
33558
28035
46715
40595
433
3047
23805
7202
46457
43252
8849
36613
28977
13879
7597
23019
8622
47170
12805
25846
4870
38844
51039
50805
-1
27072
46617
9816
51757
34883
38434
52567
8203
16882
17332
59255
44687
15815
36348
47658
2611
4655
34108
5019
48673
63625
42270
6024
11993
39535
56318
45378
11625
25531
39861
18314
40273
3851
34459
15329
19477
17899
24394
12783
26477
4103
26660
52229
1127
15859
23205
26826
29190
16044
20050
12249
8836
2275
14729
62755
55893
32315
55636
10580
59427
33666
1744
25846
47447
19396
814
28921
12225
31530
52357
23980
22723
34168
64940
42102
8789
47319
53964
16935
10554
22246
6614
38408
64556
58219
22214
62315
45966
1243
49949
30360
5662
10916
35531
64759
22578
15239
8765
23950
48783
5187
30531
52545
13827
15047
60952
36815
44440
26540
38175
64054
9282
46370
22546
14600
62302
37997
13928
28714
56096
9763
39286
52109
41483
8234
29327
43902
40782
-1
32767
57409
58787
35868
54533
49160
65266
42222
17272
2323
61344
49313
9747
8841
29599
43175
48806
7809
292
25116
1582
59368
13236
45456
32619
6626
7934
27961
52990
37264
1996
21539
9381
41739
61964
13641
45616
63535
28148
8316
61451
19047
27992
50024
24629
31863
43255
55060
3058
50196
13127
62961
31943
29178
54056
26589
54506
58393
51157
61461
23710
55101
9756
47062
1769
37042
51444
57673
48173
11617
3846
27794
19879
8145
15571
64143
22144
8902
21790
45597
15145
55910
39851
10972
48234
52776
22047
45905
46490
23413
39367
29013
48873
59289
28893
16891
37525
34098
64877
50530
12519
45612
25537
22995
35176
36534
43519
62385
11977
13357
4051
59314
32338
58266
27296
33158
48474
40081
49320
58773
3027
31015
64188
12259
26207
46598
63325
20461
-1
29371
14429
48184
63762
44058
5581
11366
37979
32527
51627
28889
13787
26259
9401
50130
42484
47576
39528
41204
29748
45861
2739
62589
31906
49711
55726
1275
18016
10028
3100
14861
18513
16137
5126
40638
48836
58818
37609
61276
6138
6157
5985
6290
46472
22233
39942
18091
60219
36781
8936
40067
24021
43949
34981
21746
13938
38006
36011
57257
8335
27656
51978
62100
65135
54555
62073
12317
53685
11383
15331
33325
35880
51284
8017
43117
56125
65319
42075
57457
22740
19995
16823
17695
24755
4143
54175
58854
51766
60352
54461
53399
9313
58769
48767
11543
60458
28821
19055
16305
2786
30909
1022
52724
55606
52413
49035
14768
32451
17653
3810
21246
58104
36895
65156
55195
59469
57773
7114
39878
59943
213
58916
24880
58805
23862
9167
55594
11949
-1
33155
9313
37917
11906
20223
35143
26763
5085
43335
29581
55096
8127
61678
5427
51404
47316
57967
32507
57230
15801
37844
61374
30688
28701
23566
39089
6822
1100
56689
31145
1513
24475
34430
60820
51275
63683
45894
35754
36865
48335
45880
50515
17594
42439
30396
10646
4718
52105
63656
2531
53912
7932
38789
8255
32650
13033
48185
30491
35656
36144
44260
9453
6614
133
7688
1420
1583
16405
42132
13049
52169
54081
34163
20580
57610
2815
58704
35279
1292
7710
2426
30102
46328
39637
61544
22445
52300
23925
9648
17581
28174
20744
6143
59636
52946
22926
33872
30666
18010
62488
36592
24290
50936
55409
4635
64406
2647
45006
44047
51099
19763
44051
2171
14934
37890
5058
24274
62062
58156
41041
25791
26018
9020
24854
10511
28102
40344
3685
-1
57485
2962
56798
9484
15285
15020
12028
35736
36719
41354
54327
39517
41589
10516
38665
605
28469
64011
23229
36285
48636
31489
64782
47387
42167
4716
56642
2037
36409
13202
4113
65236
31517
28422
37195
55914
59065
60436
51758
55598
54494
28912
13209
60671
64453
21824
52199
23692
17489
63985
21440
21786
58662
64868
158
6973
3060
37513
33684
2051
30236
6823
54829
577
51887
59863
29993
7755
24955
17971
5457
25871
58935
26359
40115
59299
60989
6758
42282
15072
31296
13562
1077
19583
13461
41829
24930
22532
2475
42963
52379
64232
17983
3084
4073
61525
45340
11046
28532
5675
31797
30490
54473
24044
52235
10731
43785
35040
31089
23359
54609
12378
2046
18616
13496
52392
64459
52438
30589
63730
26921
12088
31260
5749
15984
5963
38257
21847
-1
48358
11142
52152
40178
32460
27288
382
39734
50292
42311
3145
6274
49010
37745
14664
50773
21512
12212
19726
60332
48127
4870
48152
34681
40157
63080
9718
30146
59635
64733
59652
40549
18950
37276
65154
59305
37005
59466
34082
13185
64957
9365
25762
11128
46010
44904
11404
22820
15952
47336
23456
42807
47557
46912
19492
10824
46995
22842
59001
31773
42118
48009
64779
33190
28363
52543
42374
29126
22887
50308
35968
46854
25977
47011
51878
1865
13283
10397
24186
13549
3428
34943
9818
52798
27363
1926
41118
64614
9561
986
52709
11156
50672
4847
53983
979
53264
12241
57102
32606
13616
65384
20704
40400
936
3099
53779
37666
10837
50523
24857
25019
41435
26162
13665
55715
28239
24051
44497
26505
9562
23129
14580
50723
41865
48687
29711
4922
-1
16293
50005
5974
35379
28282
8853
48873
12645
4551
38864
39709
20676
16348
43345
38766
65214
46387
14249
15805
60564
969
34934
28973
25911
48125
45287
1195
55788
65258
54820
64601
45029
21617
61808
25499
38617
44299
2023
64814
59730
40720
36121
51901
53696
44552
18773
29561
21801
49371
61807
13614
39335
39299
15154
3861
11181
23635
11930
28142
3927
23095
17005
47653
49921
45035
22448
1125
9911
2036
37338
35660
19271
59801
18384
10743
18299
62752
50007
58431
64442
32468
45399
46925
34036
39302
46697
47162
45314
38292
63536
6243
59098
59419
55216
38012
47012
64032
57873
7712
51385
58986
17374
15625
61573
62699
5113
28760
11848
5770
12663
26956
40020
15191
23809
10643
33049
25949
27694
55867
49992
45107
20248
2181
65261
10163
37902
30605
44547
-1
10875
61956
19507
48709
37358
4160
32459
30710
21730
48707
59226
27620
43406
41558
64553
31779
42576
47878
53509
30061
31743
34765
14865
18518
47971
1854
28775
53122
51607
26627
58926
42008
52299
33320
7594
142
49213
14923
23467
58992
7722
15454
63703
40123
13859
52490
60493
65362
32436
58242
627
59680
63377
9250
24513
5417
61914
56006
56134
32506
56240
31704
6483
9817
44384
2401
11910
36794
38668
30203
11920
23896
27569
33294
55591
61298
3847
29860
46605
33864
18832
7514
50998
63509
38728
63651
61958
19391
45978
41665
58806
6432
5067
40102
57226
59303
37651
54240
41021
50293
61196
51388
25344
16016
3695
63629
56050
46775
63410
47044
31723
12900
37996
33417
10413
25370
26630
23754
21191
64230
11618
18490
46381
50492
21656
26931
41092
41053
-1
6182
27929
48127
46468
22202
22194
39775
9213
6792
2533
32629
1633
38504
6987
47842
37144
12376
6108
39394
60587
4402
64324
30798
27437
24746
53843
55793
60373
22964
50141
58480
58873
13007
46895
25704
5
44873
11762
27448
3186
39686
31006
3216
9601
32576
59894
62050
35521
13560
64056
12574
14280
49575
29088
42442
47564
14934
36389
63258
52699
64841
37961
25982
21370
12624
50873
27283
8965
15623
46388
34058
9516
8988
64460
10557
38549
63746
3576
44553
7027
8281
45810
15522
18300
49843
10764
51906
23754
22026
48681
5439
28994
15220
227
64829
47844
61562
12677
10215
63548
6305
50707
26943
60855
39634
2242
15166
4643
37511
8422
48344
47782
27690
38333
17460
61394
21653
7549
57376
56634
46068
2900
6896
16222
31131
30311
21384
1036
-1
59078
33020
41982
51564
46232
26326
56639
47623
61029
45444
43198
47952
62438
24505
39153
60597
44619
28094
54308
51750
2039
23941
17879
17845
44910
17203
48215
39449
20141
17253
9318
6086
57531
32008
5462
28252
40148
47181
29648
43449
51453
21679
7269
59776
31266
23191
25036
64036
19077
45445
54735
27198
51834
47663
60868
11448
52796
38972
17971
44720
11953
19300
57647
24200
52209
19028
8480
31675
44871
46422
44052
7757
41362
768
46069
52361
17281
63854
47367
4086
52728
24712
3663
2996
24879
44465
51421
3960
65310
13642
6158
4009
29917
23792
46310
57455
28956
47768
45301
25847
19799
24401
2033
26117
8811
4576
1975
4720
44044
51857
11939
61299
49464
25870
15091
50376
10182
47717
56880
42445
31477
62310
50122
63513
40451
38188
5470
52287
-1
30918
58005
18132
52447
25597
51826
42786
48579
53210
17331
21816
13893
61277
32685
20155
59799
38665
10388
10627
49084
58216
32401
64732
2395
62064
30489
11804
43158
17512
48217
55014
33967
63889
23585
56351
61116
11867
46399
17830
13486
9435
57248
19109
45704
34251
4445
9777
61010
48
24033
4824
11194
44842
47893
30771
13793
53025
5816
37007
26031
64053
65004
29848
36661
42582
49667
57612
10216
43678
23645
57041
29505
31439
14274
28509
59734
9169
22445
2898
4089
22938
22946
30015
38001
62285
37010
56171
35477
26529
9914
47390
20125
58887
5787
38495
59658
48634
61897
30986
2604
63571
20104
19094
54319
49294
14799
40512
9120
3907
31348
64647
20944
35513
33803
40795
14166
26377
21655
30220
59487
19928
46381
31235
13693
43911
44115
47951
65532
-1
23872
22707
46657
45193
6731
18911
50298
49339
33963
1775
9590
18038
23480
22862
2958
41705
15847
7465
47853
59269
65404
48792
9052
49036
61977
13041
7917
39353
47200
17445
38823
26042
53470
40338
2659
32738
37486
17972
55663
23009
16666
40695
9815
47582
43454
40571
44099
60922
60390
39273
55275
43779
46357
42578
21624
55879
60883
41458
32405
47605
60594
51
36077
12714
5377
44396
61602
58839
30323
46576
32615
8639
19399
48659
442
20718
40344
50302
56053
24720
36246
7025
927
61320
57933
22923
23964
22187
8404
48806
44893
29997
28378
44865
8438
4364
27019
49076
50711
49918
55426
10121
10355
46341
9055
23410
5142
19119
62447
39646
33291
61160
42880
15224
10020
49025
30016
61451
42317
57910
12364
43548
33386
22901
55199
12999
9259
34180
-1
18694
20931
62905
32318
19045
36797
27204
3869
1762
47918
22493
36002
15582
7500
63829
39379
49861
3200
28174
49991
32866
52681
3501
60866
13611
43503
47501
48507
64961
4962
57757
36611
24084
46732
28582
30381
46905
35975
32010
61788
5511
10147
12309
28909
25512
8786
2726
47222
36026
52471
26475
26699
27110
35359
40455
36701
38563
44393
52795
19653
40251
61718
42245
42792
25209
1572
47700
50624
42538
54104
46905
34967
30598
50908
49407
37458
7285
17503
13043
26199
8086
57770
55568
28535
7865
5262
12989
41620
16013
39944
5109
36205
65026
3782
30092
13036
8000
54741
50482
64533
62291
38691
37379
63691
7315
39047
19628
23679
56089
40591
32958
21087
47879
35727
1608
63553
30708
13583
59283
53634
3848
48656
7420
64389
37622
36983
54381
4454
-1
32315
28753
59677
21394
34214
31300
56715
12207
22096
44901
50333
61940
13775
29752
18342
58377
64915
58253
27312
28995
49056
46060
3851
25311
6356
60508
32496
33398
33095
40928
28464
60049
49540
46989
54811
12578
7853
45237
63419
13134
2204
876
30716
53580
21899
19259
25690
12850
37981
42097
28110
58377
11961
51528
11110
31237
18713
7488
30349
59599
14607
65104
17809
53807
41427
38028
58003
2701
53106
24250
38400
17990
13432
57452
30936
49399
58726
28107
10159
4078
58453
15584
54974
25769
3988
56989
22583
57301
55604
18990
41087
39089
39099
41914
23679
47208
23187
44652
27872
20497
42516
7750
56535
60713
46176
41487
4522
64459
24611
16055
32997
64288
17716
33583
57852
58594
21081
37929
51740
19392
9468
33460
712
26043
11291
51332
27296
57665
-1
9255
29955
26257
40902
11067
5200
46426
34417
56059
9812
26149
45758
38133
11832
7237
43068
24384
5546
28638
56868
62960
32151
44144
20772
8269
7895
56026
23692
38425
47440
45904
19540
50407
44930
48362
53240
28433
15324
51507
21173
34025
5067
19192
5235
1839
27702
10611
28465
65480
17384
37065
36751
28329
46755
65047
63435
64417
44391
40432
1775
51926
39503
56788
61614
55817
55096
29813
7362
38162
7634
50742
50693
20641
37835
57513
28400
28337
53204
30416
39341
50347
14592
13296
30384
60041
58532
11436
21163
20068
25192
48811
57845
14491
65079
25501
15590
50135
21267
42695
54625
51879
5476
17022
3276
11382
33711
5426
62312
40612
26489
5358
19251
11072
9381
44502
32060
24561
1331
28650
3663
58073
26444
62607
52601
60904
59003
2713
2997
-1
60978
14366
50113
48584
21395
55601
62658
2456
63153
56248
36505
46007
3394
48870
41099
52440
35566
65080
21569
18566
58907
26620
57031
36147
20552
44332
6587
21054
54132
16389
3176
22868
61543
57053
25013
47481
10019
15120
60996
6719
25797
49824
2670
52014
48025
30222
64740
3881
40864
36895
51952
25289
53974
21656
1851
47134
28265
61184
34530
57016
53152
56910
30169
25439
24039
29759
9578
17065
13839
62996
32921
60583
57954
471
28520
43976
48879
10439
15591
15163
25456
5273
14111
53450
18017
1595
32740
30914
7849
11568
28834
25926
6008
61892
64181
62386
34829
42647
33072
57141
21355
14424
11696
52481
39924
329
22664
689
11524
35299
28450
20828
35930
65419
22267
48986
48523
10429
56634
33368
11625
50637
11190
32757
38029
30824
28453
56599
-1
16012
6765
40972
24963
6617
41169
50293
64650
21356
23992
2994
51326
28714
54425
60899
38218
58340
26960
52383
48908
27996
56808
36141
33965
32168
735
46133
37159
30577
43929
23905
48129
27686
9182
51493
19609
17908
62138
11865
43826
51996
26091
23855
2747
25837
36415
45588
42831
33016
15292
53101
59570
26091
7217
9048
34535
24054
58585
39910
7106
41253
31880
2537
19021
24569
31975
33355
65151
51511
36195
49973
55136
9361
42730
23743
45851
45620
27390
24302
29904
51879
36147
450
25765
28649
975
242
48806
45041
55663
29533
28105
61527
12317
32007
54811
40711
59665
33330
18319
19630
27289
29489
22356
18878
16387
31294
35775
17462
17485
58508
17770
25033
16836
20841
45768
46997
38192
11554
46122
26414
64509
22400
58806
40654
34925
31080
45806
-1
59672
5752
52661
48948
15925
20343
28828
23624
20791
33581
19862
12614
1797
38845
58650
23434
14558
4230
27904
47282
53470
34626
4100
29847
50768
64528
55127
12655
16738
64095
15854
33326
43504
29945
48113
53207
6848
48638
31747
31190
37252
22964
3702
56797
37370
27806
24952
28344
35862
8725
6774
3695
64518
36160
64525
7764
23900
21476
10263
33416
55141
32894
15275
48928
650
52044
10041
64113
45057
44508
65015
49729
3585
64067
8169
3482
39038
60668
56078
23591
20534
54229
39689
22515
12121
19179
35037
40054
35392
43564
26111
4655
58029
20454
870
50798
48934
625
23140
687
5826
58277
19083
54981
15137
14440
7866
31593
41940
2824
54569
46819
12108
44850
28441
20186
28632
10451
40267
38070
1094
45190
7916
31179
17641
50993
44046
20903
-1
25808
49956
28845
12068
25401
57399
43597
26325
50258
17659
32484
4257
63815
54298
57854
58185
6686
58455
8523
16776
24940
52485
42017
41358
35299
43060
28324
7008
25781
1179
2872
26976
3454
16300
14306
23157
7924
25811
59463
64003
1991
24535
39082
51605
54230
48331
64522
45148
45545
50747
18792
59165
2785
54106
27910
49548
9482
24771
12204
19606
200
38342
23791
20709
45494
23625
10529
33759
61988
59235
10408
48887
35304
32611
19060
17165
4865
8528
48413
30464
43960
10593
8821
49328
28179
12887
20448
57422
3985
46790
34824
44423
55084
39093
57980
18607
54448
16334
43282
12642
65435
55214
41840
18025
31201
21420
26547
30344
50430
48518
10813
23722
10170
2797
48550
42052
60051
4979
7571
2604
42554
20913
8727
58454
55602
42565
48995
877
-1
213
26711
64338
29722
60056
294
37647
59621
26274
2067
22175
38780
2369
6483
6186
45296
62521
46934
64703
40423
19395
37379
31417
27524
7669
43879
59916
62772
2481
14280
60985
41959
12285
26856
55861
6706
6575
45498
34383
9131
28396
57703
59265
19177
20646
9436
51126
39531
19408
48119
24848
4705
60025
28340
15624
29013
63385
40759
7441
37166
64826
47079
36183
38091
52358
40606
33160
25361
19739
45888
7676
61206
9635
56690
9097
4329
16977
31748
10750
48738
59404
2320
45622
40052
14250
50142
17141
24918
23885
45881
57683
5256
60870
17967
13695
51583
54660
34244
62179
30503
20160
12849
40923
39677
37242
14540
8633
52415
47564
52986
14789
54076
53717
44614
45720
4186
24078
61162
28015
43364
21232
34994
1551
7761
55174
51657
54886
9442
-1
2233
60720
54130
33225
20298
64719
7130
19574
50883
64455
52710
52800
41863
27687
46804
23978
42891
34642
2047
7325
34598
64115
20575
2483
64330
60395
21260
7254
61385
31719
43830
39868
47642
9049
52711
22395
46613
26695
10318
25028
32791
1179
50568
6825
56474
162
43384
5990
3357
62617
24059
64688
33402
14928
29307
57412
65464
5534
18533
20206
65021
43662
10357
18485
48270
39634
21957
15966
40211
40286
29392
22753
9181
61551
41941
56909
3244
52638
37868
39107
15161
57307
29072
36540
38351
18631
41325
55719
37029
38509
6240
47557
40805
37939
40294
63375
28979
22332
27925
13316
16648
8996
44939
33970
33213
18115
52377
10081
25341
56624
33916
26416
38844
7690
48620
22200
13739
23579
18452
49127
29547
61767
63915
12321
49057
42093
35305
46219
-1
16544
53037
23485
5810
18212
12449
9821
56523
61257
14447
31005
34644
29639
25332
56746
1257
14750
207
36234
54523
16524
41067
60444
2340
45778
24362
7028
35859
64792
29410
55626
7314
44063
62593
40449
40238
27748
25488
5527
50526
24080
47771
19834
11092
61847
64455
36737
13748
14686
6145
20985
5606
33825
65180
38784
12926
55503
57390
52432
34433
6507
77
48600
11846
47404
41798
15643
54367
8007
48870
42330
56689
22521
5402
62445
6147
50854
117
11212
2361
35275
63566
26652
63826
16557
4739
9376
59710
41155
5115
58263
19918
35043
25566
16965
19387
22194
48465
48688
62998
14954
31482
45359
6827
55675
24804
55853
59597
58678
35315
37396
36118
38997
22122
55709
3916
27009
64217
20228
26736
4960
51952
20094
832
50959
55942
41690
6780
-1
8096
42754
38009
41675
47048
57138
46820
1466
44929
22112
25607
51362
11071
18868
29960
13993
31423
18493
35810
26746
33088
20156
52675
30231
39546
62088
45985
2316
33381
42907
23246
34465
50542
1698
39090
10150
12348
36345
52916
58517
59712
61863
61737
49650
52911
27794
15307
19466
41231
27544
32828
60940
54134
30248
12476
11780
18070
38098
43309
19926
49356
38454
60591
35863
17475
26788
19949
41182
50718
35984
18951
33693
8622
62004
1103
22839
60954
34301
17454
46018
46569
19029
17406
9626
34255
38370
54824
8314
20517
33312
20089
59084
26552
51182
7226
63167
40268
16227
11246
61268
18124
30037
62274
56085
36016
44762
28507
11652
11859
47600
58457
44550
30530
24954
41701
3942
32972
17681
17620
47800
39098
22379
47696
56542
15578
60439
24187
21507
-1
42635
43286
59913
64643
53625
33973
48294
47072
43855
21320
40991
1270
26623
15517
64474
26066
756
45942
19894
18013
53418
13647
52332
94
4150
58488
33822
51526
42194
36407
48553
57076
28676
20269
793
42369
6906
45212
21572
48540
63794
8639
9874
20244
64740
61415
24112
46917
41636
32630
12730
60820
7177
18033
13202
37917
37158
24875
37693
36133
54038
4396
48328
42658
27190
29689
61069
8612
49125
8462
40241
1656
22480
5431
61295
15577
23479
43084
25521
59554
56252
13773
41215
461
15300
33936
47359
25151
61770
23904
49457
32948
22344
43969
39063
17298
41727
27112
27553
580
59014
16760
22853
24036
65519
36779
25124
22389
3684
40968
33241
25831
5375
39243
9883
14018
43745
16458
24917
52215
40058
33834
6748
58400
33744
31617
11071
60212
-1
32408
32145
61022
15376
12086
42249
40256
44572
34421
11530
7645
16660
45557
49984
8584
42795
64647
36935
44464
38506
45776
37767
6752
11456
45849
14311
42891
42846
35129
2712
43854
60946
1344
60968
3791
23023
37932
38120
23705
4363
56911
15689
43186
720
58437
6928
49621
45498
17949
27342
41684
35805
30208
59541
29939
34519
49046
51717
56390
25963
26684
14819
65056
61115
1238
49505
10736
30651
58080
22986
43123
17330
10760
12086
64974
9361
59871
14500
58403
57313
3294
32660
1793
65532
23542
13406
18823
182
38889
38172
16601
431
40280
43559
8237
32919
56628
55859
7123
27975
43111
56244
49110
15470
37589
28232
494
47377
5506
1338
51436
17181
6022
39481
17660
21221
60264
39307
64944
55402
58453
49818
23965
61261
33396
39019
61511
17759
-1
37632
8140
39312
47470
20814
2778
19487
51481
47603
61004
18750
34563
52176
63449
35676
6577
6215
17257
64665
60436
3137
63222
44359
22558
29848
8120
29294
56934
62190
65498
23283
32943
48164
52464
30027
62878
7705
16593
44511
62871
33173
40778
29305
61690
10533
55329
58516
58658
9772
9882
48036
54406
6577
48195
27064
35478
43425
54144
42448
30533
27852
30529
25459
64632
15271
5276
54715
43508
57239
47191
50607
32872
50942
65218
9676
59486
12238
14789
21352
46470
44222
51107
47790
31207
27939
6063
36236
45983
36405
25451
18174
27919
12214
42880
33495
17828
49701
16762
25887
54855
48898
20477
27847
63022
57139
13373
37510
59591
46549
65312
26745
41820
41982
38891
42785
3091
54214
44942
57077
60439
59079
7405
23052
10694
23644
64268
59035
33660
-1
38983
14148
60983
20057
11629
23000
47422
14048
20359
41302
24031
47733
58377
7422
7797
31922
13984
48956
30242
38872
6269
57500
23258
14168
35398
58969
39004
50873
27935
11553
58786
51733
62292
48351
12480
37076
2511
31587
50682
55938
4887
17158
61698
20978
3528
24768
61234
49660
18520
13133
17769
43782
8891
21903
63280
8354
3606
64584
20188
14844
43006
23299
39657
13292
14058
17529
6242
237
14388
6487
53491
39583
1350
18155
8103
18675
43030
16499
55937
49419
61883
5162
3050
64946
60167
31106
40951
34951
56998
9884
48353
61614
46920
59065
180
17001
20841
11312
18158
1867
55358
5805
12877
19505
41831
13952
3018
62111
37731
12273
39890
4438
16261
63481
60954
41183
52577
1738
43101
48334
48217
1273
30468
53109
7495
20230
50522
936
-1
50242
54980
573
49078
287
50769
34959
38727
31974
57578
41844
61593
3340
29792
36409
63002
63185
57795
2971
41623
26798
58270
20109
28344
21854
24393
48761
61956
40228
62513
8424
13337
29034
19358
246
53976
27243
23236
25410
7563
40073
17022
33876
43489
64456
62427
41162
35687
18343
53863
64249
22421
18456
31273
9689
33351
2978
47465
39029
52304
16993
54203
43345
2876
14076
20457
44580
63258
9287
7969
29885
24061
35345
17193
9486
22292
2013
23435
39646
12862
48979
7885
45217
40881
5274
34835
5357
47238
5082
41657
16252
25300
19397
30079
60888
873
44071
19830
14226
60116
22171
14764
38617
5723
43703
17277
34159
31211
44998
32204
43409
6972
56911
4462
417
11455
39423
62791
25384
48920
39177
2642
53230
9049
468
27258
60224
257
-1
20620
17060
16608
2131
41283
649
28565
40217
41954
20949
53959
12142
55851
22803
41845
40120
51504
45577
1298
18939
33869
16718
12066
37784
6977
38236
47022
28349
48414
3814
59812
58601
33086
21711
12432
15257
15133
28470
26942
19397
57281
49221
49763
43420
60143
64196
13412
27702
2430
14200
47154
2075
14484
43367
23468
29229
24839
60571
58200
17847
26543
12384
57870
11290
31240
58619
40436
51127
55221
9835
50117
51002
10376
31957
49882
57742
30476
58862
45319
9859
17569
62270
61838
2262
46214
9561
8989
22512
63125
1862
42222
34702
14425
11967
39149
29462
6667
62504
58253
33526
47973
29931
9606
46684
26685
43008
46027
50988
14044
57706
46610
5537
3179
18858
45684
52024
62225
28641
62982
24331
35480
44888
28075
7298
49574
14461
37653
19727
-1
16194
60397
4079
38607
53287
35114
22537
19360
38121
45326
21711
45149
25234
51119
5388
7487
27221
15090
41598
40095
23854
57214
50440
6595
63325
11634
28466
34921
18326
42558
39234
5848
62546
39823
16040
21669
9829
15423
35309
18596
25020
6718
19074
30569
52542
31911
12461
58613
16615
2554
55926
18579
53946
42639
39082
20906
53112
349
38435
18521
30114
23375
60421
37600
25565
43905
28671
4581
22351
11072
44729
16240
5986
31145
31760
23599
53226
11021
42605
60839
36563
32698
1394
47802
58083
5138
49701
46423
17337
20552
24968
43578
51726
38205
10060
2345
31212
29825
59312
41759
32727
29786
63974
28750
63803
12523
6403
38524
51002
49779
49995
26681
10139
58894
52084
56104
19154
27855
57884
21158
5165
48164
56541
45698
26001
3036
42635
26688
-1
38798
28286
21762
60672
5396
55324
6846
49742
58571
24226
437
32085
59218
42972
45547
58445
54940
20829
811
47261
40646
43303
59172
32466
28473
45400
23976
46050
61824
54089
42348
6562
50338
38288
38742
48525
55743
57395
22975
51700
7512
25999
35596
56323
27654
50656
54213
16689
12149
32648
36857
36793
6557
31626
52452
62353
25988
2317
18646
40535
36923
5871
47546
13680
48577
45860
14640
28026
19143
37752
22829
7604
32747
61181
17226
22199
29865
2702
61646
32352
32531
24830
38011
59902
20984
27424
34303
58376
21609
39034
11064
26288
49670
58481
4634
49766
33880
55197
24348
6356
59816
10164
11867
34677
24849
61487
63746
23039
14622
59955
12242
42853
36798
618
16738
43857
28940
44828
43828
3825
23486
32427
46385
33506
55786
38413
55782
23635
-1
61754
46558
25336
16871
10216
32931
23497
10327
15352
50143
49073
3125
31803
25124
44888
46166
49358
16825
45636
8556
53779
27323
51986
38901
26238
39735
12381
32671
26082
53467
37652
26381
21087
4795
16792
55472
30067
61130
43543
12418
51720
1446
7619
28651
50439
17794
17433
42724
32180
57262
21428
62928
46408
41751
33080
42006
3644
25649
15902
36783
60089
4659
37186
61190
977
44388
28449
58206
29015
35299
34737
60502
14895
58056
22940
29889
3444
37690
13970
31093
36806
43133
29221
58693
10321
59145
8210
7223
32895
32206
5450
10279
10749
28943
62156
26935
61879
5100
1600
3930
46712
10516
33645
2268
30616
37260
10042
17833
24982
40275
52350
36936
1682
57700
54316
15940
7953
38653
16167
43829
44205
38040
61083
30025
30816
41144
47391
26936
-1
47891
57662
10441
18162
6287
26982
61188
54587
48028
5381
19617
40074
1915
1793
4699
17325
51238
28563
23289
60019
4461
24721
55681
23834
52570
9038
14298
43613
30126
45935
46806
45697
47147
16883
19282
23816
46716
45118
40589
14835
30084
33112
24386
62453
1375
4315
41077
34112
14525
21061
12827
5790
10107
21937
36390
51235
53966
42101
52162
7440
18059
63280
25269
21343
7115
60277
331
11007
32644
9554
51354
65237
65335
15029
53484
50896
8507
26538
24308
46743
34305
18422
42008
18063
30953
15301
7791
28366
64232
2757
41740
10501
31770
4248
53642
55515
9442
62124
23279
51906
26324
25831
30
52161
31030
49404
1017
57172
60276
174
63790
28584
21324
54851
47653
51173
32690
34325
2175
4109
27880
22646
46266
21376
35359
23046
30469
37812
-1
45821
59180
406
63789
38711
64882
55285
23550
75
38062
36730
6170
39487
43858
11317
55290
11958
48358
33121
20323
19274
23112
57278
27278
21981
6746
56787
43606
63922
33805
22741
31519
9526
26733
44348
53138
50315
30685
48932
1272
57770
24083
3938
19880
35929
44317
64081
45032
38729
18446
41256
64047
48687
39120
31623
36480
52561
13111
21308
11562
44202
16816
50617
53267
53806
60563
6273
46822
59552
17968
3829
64217
60143
26260
33032
32221
36863
28934
64039
13867
9635
5245
61293
51655
45041
54991
15294
20192
22500
9341
65266
56182
41544
16603
58521
10178
16412
963
29462
54595
59230
13112
14500
35304
40838
11091
51596
19495
16351
3481
53846
8268
34282
46156
33109
32576
52425
41245
24672
6692
42775
3728
36498
36791
41342
29723
17820
61550
-1
9480
3907
55474
8594
3234
32918
61204
65213
50348
7132
41713
5670
58851
31602
10351
64381
18084
10772
24968
2216
16375
13169
57372
12326
14511
18662
11097
50100
65092
16819
42883
27819
11745
52647
64945
43132
45325
57158
20399
61321
29114
49876
2148
22654
51474
42816
37028
12858
3216
42087
38406
17629
57383
35139
57499
13453
38109
56817
42335
8140
53087
56086
8506
45008
28194
49523
31188
24608
12232
65389
13590
23831
63267
24746
15521
53199
50194
10114
53004
2818
47427
58520
22807
62836
54324
16425
17905
56133
60640
61572
6962
12875
56304
46227
11784
50316
48193
58605
41299
55447
59571
54774
32224
63780
26690
33617
56230
61437
30129
46154
16220
18685
55921
17632
16663
23747
35112
31183
12669
50434
25930
16312
42271
4359
20342
1006
34464
15016
-1
51615
27587
40507
63663
12992
59076
18188
30912
17842
41892
52615
52191
3772
16159
21114
20516
52624
79
51625
11852
993
41181
33994
33572
49857
26825
2024
51500
5756
8592
64910
55118
27732
21279
55524
53118
40885
52736
29080
61367
35803
43528
47630
12540
53643
65431
9508
46914
13464
16157
23128
31766
62852
14253
62145
28955
6485
57874
32776
26254
57981
25191
42815
17686
4596
52073
14590
62105
33151
61271
12875
16626
51882
63935
60986
56882
36044
17185
40989
27864
63866
36201
26033
38047
18663
37289
20910
3579
62387
44277
6461
56629
51749
8015
49716
42574
16719
24025
59760
57527
14781
29700
20064
13988
10873
31934
4837
18563
44684
44464
13079
62792
46671
11877
60155
46833
2603
24232
33868
24756
16649
57042
24123
368
19244
8279
55547
21902
-1
17281
37265
18448
11006
21209
59792
10512
36957
18189
7061
62399
63207
5668
38871
40167
2354
41232
49572
31746
57825
63635
56124
41261
27866
24464
26523
19097
4334
40218
47335
31949
20457
38634
13435
37998
52903
62116
6002
9260
49609
19070
37711
4781
50250
2964
65453
28125
1343
21798
13179
18958
43373
13869
56774
44937
25398
33430
17954
50989
56754
29572
24886
32950
59880
42265
54947
48005
9707
8493
49364
18914
19497
31901
53853
6697
44873
15739
64075
57395
51947
32235
3638
43576
52166
15311
16062
10293
57072
18753
774
47085
18826
7090
64996
55077
20086
59575
36178
28872
34700
49080
13945
13241
34060
61037
38779
26359
10638
10941
9364
13348
2174
44939
2927
1247
24344
6302
53577
34520
33541
49401
58613
12965
7759
58790
51912
14166
7504
-1
356
15076
46911
63016
21429
17262
19644
8921
24813
27888
26083
3304
65449
58696
29562
47823
13134
55493
48920
48442
42735
50086
30819
24019
56132
1679
5876
2544
60084
9068
16588
36804
41153
22835
64423
58315
25425
2414
42209
26581
65193
5922
829
54205
8155
22378
54209
1828
9873
56479
27512
49088
20577
39452
55618
60244
27286
52962
7571
5649
43764
3219
23042
14404
61990
14633
15860
39231
45004
48852
4732
16669
57118
44090
29349
29744
17369
31209
36911
57659
42937
57682
52453
55109
60192
61705
46203
9215
36955
37932
25170
24792
14317
35846
54554
10680
55581
27816
62901
10837
36000
54685
1180
52075
11249
43184
37958
29901
5219
33341
33965
23699
48387
42566
65461
25965
27965
4638
49582
50605
58518
12373
47234
54563
36641
58054
14919
53624
-1
41787
57659
54373
59884
52860
22133
42541
58075
63238
46336
48618
33469
20261
22129
42491
1785
26793
18979
15207
53503
3663
62379
49102
56998
26254
32469
65511
29078
27097
20864
32280
30874
8115
23765
60571
26983
64421
56396
11489
39402
55369
3575
32811
26983
3703
3926
21430
64318
3923
42759
16489
59253
54416
29486
32826
29902
23722
35663
38377
415
28000
25010
21512
2138
53201
62105
45422
19251
4328
18713
37754
16031
32217
42231
19213
51728
761
47200
42012
6407
20617
57335
64088
14596
30681
9001
38021
41002
39472
5336
42271
27673
39514
62075
29892
39218
17603
34642
26150
17169
50295
33977
57743
29615
31487
5414
55808
33924
15697
8203
63316
25289
28523
32125
27062
58511
25214
57976
34686
53774
59632
47238
32876
33075
39306
54744
22957
31038
-1
45278
61840
36924
56187
3745
11705
50780
25949
24677
28525
46403
59589
16383
8760
52564
41812
16968
41070
27997
64415
23511
50520
4085
13999
9421
17420
5838
34265
28071
57887
39816
27892
54872
62756
37763
62210
59487
54497
38547
19602
28648
948
55420
2207
51822
32628
20690
11516
19003
50964
9735
44984
20776
63789
7662
44214
17432
22684
7469
7271
39588
55207
64599
18447
25167
57447
14461
39370
21206
39599
29448
15052
49614
32730
62821
57754
17229
12081
16929
35510
32716
44566
37797
20861
19690
53885
38100
46489
53144
31852
13099
49990
16388
7929
21706
49748
17811
40012
54011
1850
51368
7009
49642
52821
35791
41567
27983
10257
47198
29617
43426
52922
27698
26765
20072
53171
59118
31043
45420
5394
57635
2942
38774
21416
50352
52163
53403
3142
-1
54386
55292
39257
52301
31070
11043
59062
38083
17273
42149
61552
58489
51652
30731
24629
55523
1719
15614
31973
2599
19245
22094
55612
15905
1467
20956
54695
32903
29274
3058
7612
46300
9491
64966
43222
55112
23639
15593
29158
37946
44079
44065
25673
3953
52249
32445
6412
38859
19112
58962
17580
12919
23853
13041
12013
43779
8280
61981
12398
64918
20514
26284
25051
5187
35119
15662
19302
56107
12889
2621
16500
15829
30154
19085
11092
47861
64717
4444
11926
9572
14798
64623
46230
43108
28499
37028
251
62039
62817
55417
37331
24830
59019
44680
51766
50349
15114
9650
27872
63176
58760
45709
33472
24711
6131
29221
19799
53846
47565
17746
33665
23048
40033
26315
15023
23074
57422
57566
18734
47892
1762
3075
11833
33552
59049
50106
42571
4947
-1
36205
3923
48948
13416
29107
19261
62584
64391
10823
55703
12337
10103
20790
22739
55030
18876
17070
28420
56937
10984
56575
28305
11330
25962
51577
20395
3974
15948
53377
61531
57613
61121
40380
27519
36553
8185
22784
44923
2059
1284
44064
10817
47126
65144
46103
29776
38477
26483
52384
28532
49265
24774
17882
14936
53185
41188
34015
46735
22224
10619
27261
49234
35800
21577
4887
43260
59698
25264
42732
11848
17477
55628
61878
12252
11780
62790
31523
4505
35301
28809
36660
44719
3742
8794
31068
62559
47582
9292
14872
9309
47606
50784
27970
762
61701
15429
44524
1198
44200
45295
38180
40744
25931
64572
42652
62207
39337
29157
37147
48971
31916
31572
1452
64801
15865
64441
1289
50808
27348
52532
22522
53943
65186
32870
20106
12666
17598
59377
-1
43257
20777
20550
48564
51047
23823
25851
49911
57357
13328
10612
54385
2048
51279
9706
51936
27757
20685
61173
54934
43932
34083
24838
53044
52242
38954
12675
60264
46170
10532
14598
2714
10741
902
12471
52351
4054
38730
19075
56443
19913
21290
60051
259
14443
48932
12807
34369
47032
9263
45816
35160
4470
26788
50843
40090
26350
19553
2615
19118
38074
59100
34064
32783
53539
29079
2191
43041
3288
34132
41273
56380
45977
62649
5997
57203
37959
44397
39038
37743
6838
14998
7347
11703
50538
36095
12307
25351
40658
23897
45729
46582
33637
9586
20278
10624
12075
49703
21287
7045
21256
44869
43663
17347
10873
54852
31062
26803
46503
14789
44041
42955
9801
21177
43359
10259
2818
55562
17252
56091
2554
10152
60517
11487
48929
27813
18705
34409
-1
44083
49226
43213
4203
7872
21259
31880
24307
54360
22272
12345
4775
13555
2015
17835
11941
13102
10037
12683
63324
61513
63116
64758
2813
58140
42836
29889
3208
51337
43772
39077
41646
37964
33742
10232
58891
38752
56556
50220
35858
33688
22492
6729
20185
53621
32025
33756
10948
46472
33172
32381
63956
25417
7471
47013
53417
64265
39551
45001
51010
50072
39908
60360
28793
58797
62827
57941
41257
15989
1679
30870
23319
38057
62674
41958
23755
12366
24700
26111
282
12465
11422
18930
7940
60715
31609
17258
12203
48307
16046
48993
10794
57030
17128
38281
26138
28411
37865
31074
25352
37312
10550
23682
52471
45117
15490
58537
56484
54013
22459
42313
18344
26666
33757
8842
30713
51788
54488
30036
23348
64318
50973
41822
42545
7035
27078
25456
59338
-1
25234
54172
41317
63091
21950
58670
24136
34572
49484
48625
50451
60951
18840
46588
51187
46289
64337
8499
15759
62665
32018
55510
48028
65217
42239
5721
35765
51169
56544
9979
21770
33137
52498
9262
56643
11655
50343
47271
36699
25787
39763
39720
6762
14719
2007
33303
7989
61142
49633
64425
14138
6358
1747
21306
30563
29738
30992
26024
5258
37825
53838
50922
28663
51014
52615
7707
22913
39025
25792
59472
44179
50262
56216
24806
48401
62062
24136
42357
2153
17700
36141
22103
26297
47976
1052
26429
54592
39830
13417
40315
28953
38893
61762
14808
7353
11027
19424
26874
61060
5880
5645
56213
59653
37706
50283
11504
30393
43942
46255
26562
15739
16305
21089
6932
23481
17163
1636
23352
59907
16815
36612
1034
3130
1762
13952
17714
32369
16960
-1
30828
4737
60664
7120
46529
56594
47048
18697
44906
17558
16931
28778
33674
50391
11438
27802
47938
32115
55603
49140
10167
57030
62245
39215
17291
7780
34237
45042
21939
8339
27360
23609
50893
54851
54882
3622
42429
10544
61790
23797
45431
24662
43377
45705
6345
12223
19565
54562
20506
20
13027
40949
37541
25199
236
17224
9646
29554
23689
15706
44289
60881
47994
22504
6387
23753
23721
10759
3136
61880
24872
24220
29589
18863
31099
63051
57325
27130
24329
14451
34660
33413
41646
9186
54058
28317
30904
49954
37507
20503
38426
10832
42283
24295
38429
59965
14048
25089
15598
37662
30425
16937
14024
29355
59057
52740
45277
52441
2377
7368
1988
61903
41098
61813
61335
45588
60246
44134
33208
44156
37345
29531
43919
51467
13061
18048
3678
6219
-1
15344
6663
6867
45585
53810
53124
50271
14036
18213
61173
12528
12586
53451
12405
31552
62983
50461
57664
36805
29734
34493
48976
25593
47197
46668
14513
48820
16129
22769
16954
65107
13581
19106
64748
7279
29185
48931
38538
33113
23991
14874
59889
18491
5551
43192
3114
49550
52224
30150
19835
58615
15102
47740
28521
3535
30059
24480
42317
45575
35472
25610
9056
61376
43169
46992
32949
27910
19957
47135
10265
40495
9991
61936
40637
10525
45628
50850
44034
63737
4157
12269
1286
33534
34664
8525
33224
4795
53298
34264
33530
5086
45085
33992
2757
13128
29746
21868
22143
7489
61192
24368
4665
26420
13402
53728
37560
22882
11674
25759
37676
10734
4207
38999
18868
3080
7394
42097
8618
18761
687
11493
11738
32132
62153
52196
7401
15484
28248
-1
5161
38089
3292
65269
30357
59152
56089
17796
44986
33183
40905
5746
46787
55446
15616
40334
57760
29632
14251
44989
14159
31109
53341
34422
8282
46513
5660
31631
16022
38393
47695
57010
37535
45678
30983
19797
37453
44085
8550
6059
11074
35037
36408
43886
27348
1453
41305
52662
31138
32661
26792
21885
51981
57833
4005
54422
47417
13271
44998
61153
37334
28380
34158
5987
49396
39690
14525
2742
15742
21050
12467
7074
42645
57559
14562
28950
32727
61611
14097
21157
54839
39680
24718
47439
47886
62104
60237
50624
10530
46041
2350
33869
52596
17045
36547
65192
56564
31053
35652
10443
16718
18476
31654
12611
50904
28653
8765
36711
61125
27996
25580
9637
54770
64663
19294
30497
26072
7990
50658
20357
63850
28604
33909
35457
14684
50113
4187
35430
-1
44723
18709
12977
19800
19177
21436
30478
2314
52234
17305
46100
3067
34983
34838
13503
12399
31249
33289
32576
47470
10886
12495
59257
6672
10499
22924
28002
43461
19146
10456
34870
48429
50251
34556
63903
36746
13544
47146
60559
27194
10931
41978
30349
30582
3323
20752
35578
39019
31231
41262
49696
3786
32950
22474
51536
64860
63112
58829
64867
21077
1150
27653
63683
46759
12021
55678
60792
37426
7780
2632
5208
4788
57951
46595
25778
65312
56715
18191
65125
63908
65132
52888
34667
29715
23559
17577
33398
7710
32473
2987
33041
18000
59981
60281
64204
28682
23902
39668
4554
26267
47206
52638
61722
550
108
54600
11211
24883
5713
55432
45142
44515
18148
16100
46708
27836
30723
62975
10537
52038
13919
56988
21855
38308
19039
36286
11603
16905
-1
60278
25057
55545
44545
21908
10141
50847
26759
21150
56436
57306
39105
32556
54416
26015
41078
36179
57197
30642
50596
26541
58067
25771
28553
14919
22649
896
62252
27980
64923
45472
28436
89
47792
47634
57991
23414
38643
14820
45656
40884
24552
35309
48226
35856
27917
40910
36962
39203
40242
14215
32705
23961
19645
21335
17153
49479
5457
54698
6038
47768
45251
27693
58965
29958
36155
47048
13149
33214
40987
2781
24127
2884
16212
3662
2030
23978
19638
44551
105
38229
6378
25907
27197
40360
3242
14607
42496
40296
64374
21142
6355
22158
57268
2487
22586
52115
27477
23706
33626
28681
34878
33399
16881
7176
34625
42683
61849
14606
54658
3827
54458
34856
35491
32063
47717
7369
46864
11743
57034
32060
28276
14321
44712
58256
5349
52740
47595
-1
55360
19008
17054
14420
39402
20155
20839
43458
2391
48306
32336
65345
18017
55077
32739
62128
21569
6026
29707
32561
14580
32856
47813
42157
35245
18330
28301
26157
18722
42741
48115
8364
56836
48498
5305
45089
6704
18013
7397
25199
22565
59771
10552
36293
35758
2835
36885
13877
30712
35551
34756
27982
28910
105
58405
22658
7078
53045
17315
55347
28764
9864
1785
42043
6177
65491
3385
48477
29863
10718
64411
30765
9914
60671
29984
52480
6907
49449
54587
23909
30807
43991
58654
10917
59393
41323
59138
20709
59644
36028
4381
52257
49858
397
53628
37684
62650
10354
48464
4085
25917
20814
7068
33863
47497
34049
3291
18545
40824
33954
40295
18282
52966
51675
2880
61554
382
7147
52820
16766
27903
55881
15308
30707
61723
34158
25616
20762
-1
32505
25853
58208
59985
16318
34158
15209
30538
19642
32572
36125
47739
61957
36675
34677
34633
8243
23803
28124
49239
55726
8942
53748
254
44988
41373
58505
60205
41164
39082
27212
58287
51103
57774
49911
54492
34778
58064
15418
31196
31148
3345
25494
25025
60930
38559
57009
64558
22926
35046
4052
5321
25267
34030
11613
8839
54626
10217
39678
44610
60630
12559
18736
35260
30646
57799
17320
37016
43207
14111
45470
22126
33218
18553
22590
44027
55639
47158
20531
38507
23001
25256
33134
2010
33848
19539
55415
45037
34668
50197
43155
31144
41446
16632
33593
54948
19651
21142
11488
53229
14283
33311
40449
36514
22351
28447
1650
45859
38716
52247
53692
16659
49222
16241
14742
29252
17060
40629
28200
41988
19929
20917
54358
57571
54592
44116
28198
21569
-1
39237
7292
28348
27838
51910
22719
57028
2022
27215
44253
27444
18746
24295
48330
55217
20909
33883
49575
63143
58637
14615
15141
65487
47714
45485
54076
33683
7015
55321
49746
5481
21834
30351
7921
34049
19536
30877
35067
53135
21229
45599
56806
33038
44910
22253
15290
6268
9165
49875
36575
33784
38889
63582
51961
13861
40171
63261
34950
61478
17220
17140
25337
12702
35364
36865
26207
55353
16253
32615
61966
567
35225
9430
34279
24653
29602
20092
34498
56986
38998
43809
53838
47113
612
24495
40781
15267
28877
20083
50550
39022
38357
61264
27168
32327
59011
60950
42298
12434
55166
63324
50637
60515
40977
63606
19924
14516
22748
54667
41444
53215
10442
12190
22266
38883
64703
65206
28019
16291
12012
9567
47876
51148
35934
48106
41724
18141
33325
-1
4720
7615
41777
11081
30449
62888
21319
37680
55999
64459
53449
2940
52931
745
18543
57509
35904
24106
38057
23809
10248
5734
62165
46474
55306
28632
10316
63895
60158
15918
15028
59813
43182
27551
57732
352
25987
4708
61500
14069
16232
19813
47679
22061
63947
9130
29707
28127
11245
47829
54395
45705
47569
63770
8721
11242
59913
10632
44548
47659
8120
62342
47198
15672
57910
1210
52250
2999
57512
38692
9653
17465
63497
14040
51012
26532
11751
63663
13899
9343
38055
60181
3438
22404
38104
23858
23258
8946
15626
17973
41470
5387
674
3339
8533
41654
7636
25108
64330
65300
6677
28497
19802
24912
25599
10673
20660
33105
30577
36962
59484
26168
56406
60530
62539
10034
20506
18993
31036
38370
1728
15524
32119
13358
57030
58349
5396
45631
-1
50040
361
41880
21611
36163
13394
9494
10345
34125
771
54334
29690
8687
40337
49953
45636
43836
31241
30736
42104
11504
16750
60105
32704
21192
62465
14336
54921
21479
47593
18920
40189
44200
7934
27633
6266
35063
20311
19924
6917
22469
46064
28575
46519
49990
18976
6120
61923
6620
21333
22935
24209
10124
39777
1588
62677
37051
62237
44448
60581
52256
56466
2662
27182
49162
16212
298
2120
20916
40107
62207
39677
56405
53498
8134
23659
15936
54732
51134
39177
38449
12459
54649
49163
40351
59681
38054
25541
9193
40784
24984
34767
58150
52431
12306
40276
33439
64077
18699
20812
41668
47292
21207
45065
55893
47927
55321
44009
8955
63832
42960
1929
53955
42460
35967
14547
6627
12012
20752
31736
28271
33206
9154
40613
13260
19397
41255
15926
-1
43262
58608
1519
26916
34982
16942
10700
41922
63812
54721
62285
9706
56979
19860
48766
32421
56406
8370
60471
63306
28221
2474
8367
9186
48489
28729
6163
12472
24172
14782
61413
32923
52159
52670
60692
34387
47273
10577
2430
19745
12225
52895
17187
60140
9816
7268
27590
15419
39675
41906
18772
49797
27563
24150
10669
61078
41237
61235
22755
51213
1390
28693
20438
62769
28464
17314
8024
14429
62655
32176
21317
24455
64229
56717
32106
25933
63107
32303
50180
16391
2409
44092
34502
45557
3083
54248
35088
33896
59229
11198
2416
62902
38510
6137
9557
18699
34368
40033
24364
57550
46818
3588
22077
12482
26873
62109
12780
61183
38821
3294
20297
271
29099
28907
24414
45168
26657
48815
25318
10530
7713
18387
6403
56352
32152
10705
2508
54463
-1
3798
5651
27558
28798
33293
16979
40177
11056
33410
38465
15811
59000
61466
58288
47767
36407
899
40295
12205
1359
50126
50068
54961
3143
36532
53966
64332
37950
33345
35575
6520
9202
57261
31407
16914
46586
23877
62506
1796
27967
58317
56737
6260
10445
37698
28150
46505
2032
35637
34681
13871
28710
8549
28119
39491
4656
5162
23484
22177
23835
34549
27766
35144
61582
29398
28154
35072
52700
21673
29447
60023
20730
2677
6290
8331
60244
18332
13455
47026
2955
7507
20207
45234
56905
65160
10457
11545
34307
4936
25583
4298
29546
10541
37719
57685
36319
37814
43400
14602
33888
22782
4833
11296
31300
61209
34860
14025
18511
10059
44129
28374
21651
5425
21337
46125
49920
46140
6634
34047
37842
38498
9072
20254
6278
50940
26496
6687
1136
-1
24585
28721
41042
60298
8446
1276
48083
36976
1170
38804
4824
1438
12741
29040
42781
10744
16660
6725
51097
11854
19525
51253
29708
48930
35995
42071
51855
63107
18853
28866
10175
53182
22985
63976
40747
15537
13971
26321
22204
65254
4151
48330
14954
7418
33896
17967
28027
7686
32952
3032
64061
64644
15168
22995
50995
15419
44366
58716
11918
43776
27488
26197
25873
14836
7055
64860
990
11931
59899
1917
14899
52250
43432
36718
64835
29081
686
20979
9955
61865
52955
52453
52347
6391
18509
34159
4611
7093
37930
63167
44939
58931
26085
53795
5896
41298
37730
24743
21094
22699
31859
51796
62382
3966
45156
38638
63824
22560
41511
42817
1257
41444
14039
22159
28773
33598
18726
15120
59963
56774
155
25051
19880
48858
24911
39642
10685
29136
-1
38964
25073
21027
10200
44778
59824
2492
1228
26478
28318
46975
9479
12331
49021
12902
55107
50830
57914
4480
20268
11685
1683
15013
42623
47663
14468
56136
1094
43540
42312
59092
53980
49913
50707
62370
36608
14849
15941
29034
25964
12265
57674
2065
47032
40571
18382
33307
21045
33866
4868
45337
41729
27930
12849
33341
48085
37496
64985
53156
4720
11081
53892
36545
25295
6754
62033
1142
62054
25058
41727
3333
7951
4524
43968
42090
13443
43400
61080
59504
34448
44282
40649
40127
12890
61386
59183
58765
45635
32150
16487
51154
42346
59420
2321
62724
58009
55464
18908
3528
58134
64838
46975
18467
5045
46876
16377
55736
47598
45569
17077
62329
62742
15123
53225
15049
52066
56330
585
20590
40266
59897
48663
14497
60753
3731
31459
12910
50226
-1
57751
49947
8603
35776
56729
59916
11727
15405
12089
56225
42490
24507
28301
24448
46292
56418
7990
58947
27077
11628
51425
12474
24437
55905
27350
37194
60604
56249
30641
774
8738
2373
18747
17812
12387
50219
63841
57843
49800
4977
14195
26852
22504
43718
5304
19073
59933
28268
18345
34051
64153
23565
32045
18814
45955
1973
3615
22299
64638
46936
28353
6070
53424
43972
43369
33456
56760
20340
21946
2389
55529
34212
33535
60965
52635
53642
27487
28740
28975
6809
41076
47853
12372
30551
50122
46753
42033
11369
64314
59473
8950
36502
36924
13559
31460
7813
51589
42837
60660
47212
5031
31544
8392
27643
55929
33451
64145
24837
53245
34849
41180
9690
13772
51342
34683
12709
30989
4984
27181
31796
20
35041
40374
27427
13182
63460
47222
54589
-1
13889
9355
22349
36790
36194
3426
6932
29852
24866
2685
30532
20136
55447
61185
20793
57571
19605
62959
48093
52251
17203
45574
129
11750
29244
11688
41597
45340
22038
51392
56806
41569
35734
9850
20681
2928
31149
61290
4017
8329
20798
37822
22957
850
44234
43290
44372
13599
14942
195
23212
21653
60423
10788
58942
7016
49857
40689
15237
62993
7588
47199
20485
14737
18676
2837
50424
30237
57686
18144
24008
64425
37005
36397
24686
34147
15011
47644
55538
23091
46751
24292
9149
6461
30326
16052
2884
34044
59555
18595
44826
34852
9300
36521
61482
58054
61573
53753
63748
49208
49368
28178
6715
43305
12469
50049
17505
23846
30778
258
36065
58835
20288
65278
26687
54332
14590
14270
19289
47848
50336
8072
7100
50990
57276
27829
12328
37738
-1
44826
50462
64505
51705
5698
42450
50429
39362
27093
59110
12637
8235
26566
6241
43431
24451
40606
56279
56933
63198
65143
48415
55163
14067
58457
24422
47998
47932
32790
47844
46514
38075
50394
44085
41325
14415
31831
21053
58705
46055
41443
41167
50799
30657
49608
35548
53596
20696
36732
15702
47473
16279
12720
28841
6402
56055
5173
4349
35925
3533
59642
27842
40899
30775
50979
50383
62988
18137
10632
42265
21245
50228
29833
14143
41227
46804
34346
32219
45429
19688
25776
34021
15696
56261
56270
29424
60123
24907
33759
56668
45682
38592
56471
8328
61776
54646
3245
6840
1920
24748
54508
6658
64064
25288
44410
10809
29630
48145
29448
5005
57337
5922
18272
45512
1774
56410
33734
61029
34849
48765
11020
24887
11700
23968
59569
36306
40050
25489
-1
38400
55405
28470
14266
10413
24328
6203
11836
25633
58630
29448
8918
34588
15486
46646
51129
12577
34110
9449
63070
14495
48325
41467
14486
14552
29084
57122
5322
55907
62880
7041
99
41861
561
26272
15842
56265
35938
548
53237
33183
5664
11686
19096
6588
7043
1574
21976
40089
22502
53514
9310
40378
31894
43005
15445
26111
4998
20418
21038
32254
22304
63054
28661
62077
44250
58338
32430
37953
53900
47381
6025
279
53821
36083
32952
39407
32212
2000
63812
26236
12011
47539
55045
49487
17590
32588
37781
15112
54561
20756
50957
42670
35945
909
5705
7605
27261
38475
39841
156
12032
38358
44218
57783
557
21590
24251
26419
57197
520
23935
7323
23591
27139
27445
14620
12395
52361
38286
27490
15899
1908
10731
51413
54371
50999
17690
-1
40666
16935
26358
50298
61250
55502
3336
25887
10285
6554
54172
39723
63693
39350
5995
45846
22398
28837
42647
39197
56288
58768
61923
5838
29016
14191
56399
27605
4697
42852
19556
43843
44399
29625
32845
4139
52694
7530
3292
55123
9078
49595
56260
16267
29190
6615
13434
15826
34369
5407
28568
50444
58228
62000
19079
50195
2843
45813
47482
50878
3937
22270
7259
19563
18524
59621
38047
32838
20823
17644
65478
28348
33357
41263
24367
10435
19343
2034
879
25742
63439
47386
62522
63226
27814
44368
52569
12486
42502
20541
50089
12117
60652
21382
20242
50312
50665
25086
30112
2653
26047
28069
41830
27089
32974
8577
9603
56480
16169
64059
60757
1666
50093
38624
12449
45476
33862
50842
4903
41419
41143
47367
38542
6275
13124
57515
26036
47394
-1
61533
13551
51152
63640
54748
15886
37091
47482
2538
14483
51263
14318
16921
65350
6716
57024
62058
39963
61313
64719
18673
23429
23649
47737
30721
30099
40951
14575
36692
15049
19261
10877
46955
33775
53541
25798
55317
52045
34266
14645
62744
7001
17847
34808
5973
60190
13339
52697
19300
50518
5278
12428
20274
12084
52257
27527
49446
54085
8523
31360
29338
41761
32289
59077
40925
30042
33687
33879
59257
52768
41722
59908
31489
17659
20976
2273
29741
58994
18706
30658
59392
59372
43357
22956
32722
23012
51554
2465
64284
59690
7572
40632
28516
42808
3732
42294
33905
21491
35044
15288
39256
32881
8612
41226
23680
8738
60444
3456
57987
40990
9628
26128
18768
15037
9936
41220
64427
28227
15115
40618
42934
61057
18788
25842
23808
54068
57159
47910
-1
24515
1258
36001
3903
53082
23846
61258
59271
34705
10110
9221
19075
51092
58225
219
59711
23505
38484
46254
40406
20137
27527
5730
9322
44518
485
16998
51950
6839
65495
20388
23722
44450
43305
35302
34688
37353
41432
64829
64806
4684
520
5056
2357
63404
27465
12378
21891
44134
50254
31594
4025
40234
4175
41545
9029
21255
39183
56966
65354
24824
53728
44599
32275
2275
47475
36725
37723
52572
3885
33275
45348
5093
27694
49611
50269
7157
13359
9277
64870
23317
23401
5973
40845
56923
30578
34583
37525
53319
1668
18540
42834
9167
29336
46070
20970
8829
39689
48163
55152
17932
2595
46404
41511
1967
19103
10207
29594
34825
19054
60455
9433
18128
64602
5770
51484
11197
32272
57189
5044
60961
7326
15938
24419
12540
21684
1834
14442
-1
36153
36385
10320
63431
43725
52799
4579
24340
16265
26325
43178
17696
35880
777
47729
41200
10811
40377
23572
18855
50758
27531
14317
1281
12617
48893
41639
50258
50456
29116
20832
59019
3621
18187
2102
2666
60881
26963
5373
589
59483
31603
60414
12142
45102
55042
57336
60975
22389
28304
64092
45951
27949
48680
29777
54289
27965
33183
16100
45314
21781
56335
39595
28306
854
4691
48827
30427
14892
7665
13466
7138
43412
34135
16064
18790
57014
59642
4623
12616
42077
17580
28642
41524
32265
2941
43930
35031
16034
4330
59680
45712
27188
63950
6273
44939
30761
29069
13107
64788
40567
45278
49018
6129
56832
14811
21554
37799
46971
11421
26940
52961
58083
57321
64649
12662
2400
48505
51563
57823
57401
23777
22819
60401
12058
7418
49436
6369
-1
36882
59841
5432
47764
57944
30794
12175
35332
13832
36117
52893
23912
21362
13619
12218
15167
10952
12272
63374
35417
7398
27420
61846
12630
65256
45826
5423
30357
28334
60219
41275
55552
13251
14819
53933
44744
41971
30408
29080
58643
47075
41138
54300
27951
38766
60523
19223
55938
477
42914
11140
49754
24348
2865
9952
13254
35047
21517
28216
38671
18579
14675
53227
61870
16080
25493
34927
45024
784
12447
31468
41284
40164
4110
4277
42460
26348
41672
17946
62514
64244
10033
56965
36393
26265
42908
50705
63883
12507
48630
16116
61709
44074
50480
20586
4079
9572
2409
53002
57535
9004
64805
41609
54599
27562
37729
3971
55898
36728
57602
18429
58710
57948
18806
7109
21761
21059
51027
50801
12517
34924
43286
14662
61280
40147
36158
561
16760
-1
45154
62680
3088
10870
62389
55487
61256
49172
4299
49273
32425
14856
7118
4003
51688
13454
41071
60369
4985
56521
46185
18195
9308
63283
28534
9664
40504
22901
39555
18939
5764
26299
5689
27096
50746
49001
44911
9641
37975
17111
13189
11633
26083
41571
15379
35615
18495
61227
35836
41924
63311
15579
40812
64110
40951
4284
23070
54654
32093
11775
26530
61104
30696
43658
41837
48750
41999
4057
11590
59550
19582
17891
32415
33887
36518
36992
14844
23018
3055
54276
1073
33910
39793
63169
55821
60669
19113
53001
56492
63303
55089
16247
27034
515
14453
52804
6851
57676
54059
38176
3643
11118
59892
56718
33204
4145
22644
56107
21563
15911
52800
26940
29647
43838
9735
46024
43027
27429
12412
38290
24748
58148
18221
47717
11929
40791
61883
50772
-1
49917
40694
14011
43705
52820
39023
19053
22988
17339
15803
14610
31282
21280
52308
40490
32839
59935
29013
37312
32324
56637
19196
41477
20577
44589
32077
48625
46114
60002
17013
60748
53661
54896
42662
12980
62640
47686
31349
47408
49073
21860
16028
19465
36902
14556
32351
16657
13051
34521
23167
39711
4431
57528
26820
2592
20332
10513
7439
42334
65493
2820
46803
22477
21925
56149
13258
12400
64303
37857
37376
4996
50102
53277
63037
6002
41075
53020
28982
6915
63980
48471
62639
13773
56226
12659
51088
54756
65534
51592
44739
58162
34602
58578
52166
62098
1015
6660
18527
20963
21803
50463
44513
14235
7976
7629
36039
54925
21568
63076
11755
4082
15765
48784
41650
54921
5089
41191
40843
21664
29403
5505
55461
43832
37421
35037
34719
31122
21867
-1
60156
21875
6303
39020
12910
49040
6175
4472
42721
47387
34400
48155
47963
44815
44816
43162
18265
1172
45140
50109
11457
11326
60361
31915
8113
23418
32035
59146
8265
3096
57182
23505
28635
8047
15388
639
3641
18699
15427
29736
5517
44764
49055
22891
54824
33909
19921
47839
11817
22487
6081
21456
23611
52962
54367
53282
14317
21324
119
11251
21602
19201
7067
36924
49554
12854
4331
29308
14131
17812
20067
3785
36786
13277
39118
47233
61885
19702
20527
11365
5754
7903
46804
11979
39863
53735
32204
24760
18895
61960
58749
55564
517
43121
19867
41096
63919
58293
2731
22277
40720
13008
62188
35804
560
56759
4659
29625
3241
11017
8093
32959
22328
2687
28939
30379
52694
26606
63938
50734
7344
10379
8362
41036
20598
7795
8838
29214
-1
587
27519
8311
43089
47410
41024
57095
13515
5274
4399
38065
50077
19090
10802
53098
51650
53307
28103
9193
53451
38369
9365
49567
20365
2459
49568
23127
16413
33732
31338
2441
740
22092
62596
21195
59764
34222
13388
44501
16632
8935
48638
55023
26774
16620
35915
22550
43352
31830
33546
32444
38577
51551
22227
62097
52800
30659
26712
3749
5049
6595
25230
41320
35436
9535
50257
41790
52411
37404
23270
23674
54192
28664
3646
3949
51614
53139
48436
55769
40308
63593
15058
47975
39713
49326
22893
65360
14589
54661
23947
621
37618
15726
62363
41752
4373
13706
58632
34716
25138
12022
46673
44746
61054
54260
16006
63466
61904
36810
48009
34729
41436
46607
23555
65154
40132
54029
16014
32479
59769
17533
8333
60728
49643
27034
3332
11240
12563
-1
28728
6870
17197
27364
17358
31394
30878
20296
21180
14912
53746
854
58547
52941
44590
36558
1770
32378
30468
45497
18307
18675
21022
35790
53153
46236
48805
56721
2406
44711
23410
25972
63961
35061
50397
47337
23539
40891
22263
44861
58837
43285
9306
48924
7362
53548
17755
57156
28409
55279
10555
8151
1085
28407
22108
31964
41755
21621
5794
64424
33193
18761
33297
16717
23648
61869
14502
40912
50508
36347
34740
15275
46973
41829
30287
43834
8469
35768
29893
7344
47298
45041
8500
36607
12240
834
46013
49484
36091
35028
27021
25942
3380
44675
43325
23709
13104
55007
6216
39849
65516
15934
3924
41435
65170
54476
28102
48557
46259
35193
38301
51243
13654
43395
49107
27438
12994
29633
47936
35929
54098
11537
31392
48581
47358
57096
41542
35863
-1
36413
45147
27016
44551
2289
24573
19664
63767
16864
53432
4266
39339
2499
30460
20964
57896
23641
24892
3966
62827
22108
9651
46264
42452
27643
15754
52277
61939
13088
7598
25676
48035
21293
583
45507
13767
40176
14655
24989
35177
47553
28238
20428
7090
19246
5063
48257
30814
48087
2800
42089
46938
42188
7207
43454
63577
37147
51314
44144
48618
12
33694
53486
6840
55242
24400
64278
17269
797
35346
10476
35573
42078
59719
13552
32950
47411
16956
45727
24697
24127
39157
7640
16586
8888
32118
2434
30468
32486
8810
35728
23289
51046
47372
7741
51653
33899
36365
40718
57140
12492
47460
25233
48109
47502
48527
37925
45547
48629
28757
55846
21239
48393
8985
55655
749
8032
36666
8221
28857
55615
51022
36215
39588
48228
14700
8919
50886
-1
14051
1974
59197
10905
14177
28398
33490
5067
45411
51149
25334
49051
43682
59696
65402
49233
48784
14701
1528
49140
14629
15291
33169
54446
58296
16854
26996
7672
57932
30103
11190
19860
63963
53658
44033
56539
14371
54403
14387
23592
52891
16242
19625
30268
19046
8798
5912
58683
4979
52202
17045
63356
4855
32103
60182
906
29134
37806
1644
28485
9754
46872
14093
23674
56934
8681
62800
12248
3365
1797
61375
60618
18446
16024
31172
61992
14305
15567
48682
29821
41543
14422
33481
14896
27805
37798
30564
4707
16109
12871
20695
6396
20579
21936
37808
2782
11291
11746
60817
61348
50061
33476
25828
64581
10291
60374
10686
32638
36062
59312
23663
8574
23957
4831
51841
52696
7179
8914
1846
41797
53888
42666
21604
7291
31483
25672
50654
61325
-1
31357
48591
47463
9140
4412
38098
46095
39731
27473
21684
8358
9234
33791
43314
58793
42989
31516
8754
46164
12369
18394
35314
12870
26038
34112
201
2584
27503
64659
39556
54041
46947
15909
19780
46354
47285
33236
4030
55681
7266
58771
56362
53753
53363
29592
39065
16425
9161
58486
30370
56648
28712
27536
2853
1785
53159
64715
41722
17750
63344
9562
64120
32938
42293
60817
5564
7075
35820
65510
51700
65086
31353
63327
32795
58940
15247
61856
27370
34681
62355
46449
54418
53982
55238
43115
11420
45447
11999
6531
48000
45180
10963
39638
24711
10682
37057
30540
57927
48453
64234
60502
36727
32870
5177
1919
45047
57281
59406
46405
6473
33601
12974
29
52697
47797
9710
53264
47182
56268
4861
55782
30401
45290
36609
36262
39790
29303
54599
-1
49081
50588
50994
58366
39528
59834
58776
44225
13502
28864
28612
32016
59742
42561
29670
49324
35319
47683
33305
58736
64331
9790
57908
52835
61409
64986
46153
64544
34970
24807
27841
63462
51483
46735
54264
44582
57530
62565
53049
3007
32496
10558
39193
59737
62421
25781
57162
19712
42363
971
23284
1407
44161
50243
43923
37953
7538
19528
14419
11925
49015
24252
10081
2969
45152
11745
4001
50041
29550
65096
42301
21149
64424
43651
19793
31508
35517
49429
34360
20615
58169
52483
25958
45602
12292
9823
38254
23746
13033
2177
22309
13674
10269
13169
33787
39200
52577
29259
5659
61596
56985
24828
65053
6369
21439
5128
20016
5266
18252
29651
57847
11570
18046
22885
45605
33420
56513
43179
21398
6485
65333
58607
16610
65485
60779
11069
63881
29257
-1
33117
30245
53118
2046
23826
44989
3817
11235
43774
33828
42992
36159
34545
64201
36183
12861
37730
35328
58304
58694
58438
64359
24110
19553
45507
12885
16120
49968
56530
29708
14079
7614
42322
31424
41663
44015
15194
2727
53102
725
14904
22576
35207
45321
30725
64018
27024
39738
21647
12205
29827
14435
34148
47540
53714
25329
61877
29125
21433
31534
18563
63278
409
45474
8008
11221
15822
27900
55443
35060
2097
43858
24858
23088
48182
11220
6922
13607
19883
22140
20575
58222
52967
5486
35758
51656
19111
57801
64576
44614
57746
25034
47205
20799
12290
19184
19191
26376
20996
47485
36637
46012
2223
48137
55242
42106
64939
4468
56050
1342
47876
43085
54154
12812
32207
38672
36166
58927
26560
14715
18841
38246
50548
63041
8386
36322
8543
49801
-1
3754
7880
59423
25950
54859
42728
19831
35188
58050
35706
64618
49415
51095
22844
23126
29591
54372
56616
36732
9242
39966
63505
62654
26394
4960
6163
34352
13720
32548
28142
60717
33436
37121
23647
31361
29476
61175
58087
15888
34471
34064
20125
42771
8324
660
51893
6638
43775
31484
46059
14832
23892
59866
57768
33160
5995
45752
42912
7844
57608
1263
14175
6163
1962
40475
42206
14657
16501
14847
44416
57378
4246
36013
46964
33958
54436
56623
13751
15643
55912
12645
26185
47028
48241
16020
23861
12358
41963
6992
58897
13347
8438
32672
2439
44532
63660
3501
53928
57699
45009
5575
24990
1730
57447
15280
13259
55710
11982
52188
50928
55944
3427
50225
8527
14710
25399
28386
11055
55836
63442
46233
64319
63565
25622
7539
1977
45748
8463
-1
16008
15523
55640
3626
479
7691
7931
38975
45661
18851
53621
57423
20424
38063
30692
52419
22641
60361
63103
44599
51154
16294
28851
21665
65370
57362
63674
53122
46212
29102
43710
7986
29791
25543
20590
26014
23864
43528
35324
25520
50439
58578
12876
26603
8967
4919
62702
52410
1133
51195
61821
1629
12767
37026
61688
60104
24858
56091
33601
30325
32625
31985
42399
30317
3209
39583
51562
58095
12323
7188
42073
56170
18523
33457
26634
3557
10148
29959
4832
61208
25358
31771
27905
52218
17639
59012
17872
385
50487
28803
35556
932
4767
19301
37326
56770
47935
24448
59750
12599
52614
33950
22085
21007
36824
39105
34958
13271
40940
40659
34473
11477
22458
40357
30885
22956
16594
1300
16021
55827
3972
39019
62992
13096
17244
56191
53864
51492
-1
54590
17154
64990
60122
53791
63096
63156
422
14578
63169
28416
13267
12277
3323
9878
14973
11501
35280
26623
26421
8985
785
13265
37107
2071
53871
19842
37990
29805
17817
20461
21906
56282
57875
50884
35859
18639
50587
19804
27486
58043
32960
62966
64625
26253
40409
8004
61705
37287
48486
28195
62573
2092
38171
7051
27850
11741
55113
15047
60151
52408
16740
54998
42434
9762
51045
6988
39434
59530
11200
54116
15386
53033
37916
22316
25672
27549
27888
63847
53225
17995
27263
2451
36868
19880
64122
23674
38625
26836
40247
32543
58654
48160
40381
24528
32987
25612
37841
18999
30522
63537
63794
38261
14979
21310
62276
39098
53526
2744
3943
34559
48504
51851
5716
39232
27698
48823
51616
31453
51613
26316
4628
5835
16650
28418
37434
29988
63699
-1
25271
9177
55714
32395
62276
30069
13676
30681
41092
60059
57626
671
13058
3565
47727
40704
53518
18207
4357
38956
17981
54405
17119
50222
24642
47166
4181
4790
16338
3881
40567
54060
9882
18571
2100
62981
60075
6071
52708
25996
37325
6907
14324
19240
8650
56418
38980
45755
35443
5269
4793
64503
6993
48389
35095
22674
61947
11338
46696
29692
38707
11917
53054
40511
13456
8195
26054
30749
12700
42202
14925
12386
48364
30543
30565
12667
53399
15545
10198
535
2900
28028
26416
31045
60599
52823
29617
29395
49776
42874
6586
58443
2641
888
55001
18070
56756
12081
51646
56574
21674
5713
8501
53812
8126
4342
48691
61698
13832
54651
40246
30424
30554
13117
19368
63097
34959
10333
61228
9207
19941
6008
39976
57040
57318
11514
3239
5778
-1
24442
7882
37667
51887
65097
11452
30687
31235
21971
35841
51753
34949
27634
2429
15267
59388
25041
40829
39577
44525
39390
26648
2643
26549
39928
43958
1231
7289
59865
20121
18735
44323
37651
61931
15565
42590
25661
20555
51382
21913
40494
27202
23057
24966
42065
13470
18144
24538
14213
27919
33482
34671
24063
63632
18650
60114
47166
44756
4550
378
46886
20024
11710
9680
26843
51029
55580
54664
4623
54922
19810
7119
22051
1600
64864
20956
41451
11853
29747
35630
24156
32782
46743
28046
64079
57329
57664
56809
36349
34068
44944
60981
58035
45344
56256
24498
13498
20355
38132
45866
25859
28721
6067
62700
1561
30990
12256
53543
44015
63258
38575
52478
33939
42029
64980
14565
65287
54859
38628
48929
54260
41562
65016
55831
42887
44449
41880
23062
-1
26389
21190
28345
18282
64900
51001
50791
6705
28214
20745
57783
60988
8079
45748
26933
57753
50525
43084
55793
10244
27574
13221
17205
45871
14335
25766
34487
4158
20119
20401
18268
61931
13723
13722
65406
64620
43035
47997
57569
27298
19475
19370
60311
18143
10014
46259
42428
28573
17163
1024
28469
22182
35345
2774
56412
21986
27638
19047
4378
2508
2458
54497
56015
61367
39291
63630
51427
8736
27107
30119
5102
16076
54425
30273
17272
58675
42677
21823
10634
55874
6373
60408
27083
39085
8223
37136
60707
51575
47717
5746
45276
35539
24551
24191
24951
41015
42913
40077
11452
13819
23781
9318
47407
52668
48238
10403
57589
60067
25633
47509
43862
40624
978
28803
41409
38051
15278
61586
37561
56411
29306
37112
47063
41058
31534
26275
58596
20532
-1
1501
5053
54211
8015
54401
39431
35033
63925
23795
46633
63253
35569
63810
40226
46281
5016
44151
43461
12234
26250
11703
61234
1558
1917
54043
52629
1330
21134
1436
4264
2985
57064
10026
30965
56339
16823
28840
18430
26542
40132
48126
14017
6876
61746
43947
16146
42507
27440
22538
61348
59953
34830
42912
60002
63654
16352
36219
47525
39379
39311
33163
36753
54828
2106
47022
9529
63221
50321
54142
25962
42820
17684
9797
19290
59368
47849
9890
31613
45956
18990
42401
2735
28643
45687
16098
20391
48996
22153
50359
29947
47583
26963
57467
52331
25648
63321
59970
10747
47398
18379
51823
39307
41322
43350
51355
26783
6243
16114
4325
58715
59057
40983
21240
32391
38083
48478
4930
56902
24523
33394
31113
2407
43421
32336
60154
5632
50784
23321
-1
58394
30188
20969
4411
26990
58852
57156
40877
42134
51954
27186
59136
4533
26745
13971
32709
2507
51010
4266
13556
54579
24773
8990
56436
16689
11737
19915
34945
11306
33591
41866
7243
58897
32704
33047
28069
11431
59718
13427
10808
55480
15216
39281
9506
2006
15684
15352
43593
34767
62195
6304
61238
9137
61700
27613
44701
6019
48326
64242
31839
2291
18723
33578
56671
23216
52681
29651
285
47526
54206
1222
28218
31190
65058
46459
57933
64115
20154
14631
48266
48069
56061
46957
17832
41586
59316
37554
38141
24174
52681
17910
33416
42698
713
35080
38069
45830
19292
1949
52285
44588
12288
21344
33062
23357
12425
21038
5465
35025
49845
7079
40298
2209
15278
32608
32712
54098
25509
1798
42486
3777
58068
25457
64634
61090
18213
9292
6995
-1
3665
53451
33657
45205
48302
38227
55791
38729
45953
4210
2884
15016
55572
38202
43471
36095
13606
56420
59229
50609
52329
16223
3673
4969
2346
63686
33538
51373
35581
44453
55085
18002
45434
31625
34423
14502
65195
17359
32962
48153
38579
48939
36456
39016
5881
16762
19923
62329
28887
38343
39783
22712
56061
49479
38299
25409
827
65344
32116
48491
10965
6694
37442
7917
39389
34242
59208
1969
35660
1395
60185
48630
38235
15389
45696
54154
32078
30625
41
45102
50137
20979
39308
10762
54863
19457
21249
61376
7208
42093
49073
4174
57957
27456
30267
11706
29728
61906
4755
63751
26624
48506
59499
9743
22103
53338
27436
4183
31161
29080
64100
62105
55862
56802
22993
32775
20654
7750
28330
18829
39053
45384
16240
785
7855
5024
2583
64996
-1
2033
43390
3325
2315
40692
2885
6521
44242
42001
23264
63213
50778
25038
30936
21843
23841
39302
47572
22543
40889
35482
34606
30827
23591
39396
43504
22821
50910
39094
43989
55850
20951
20214
30204
5155
11259
9050
44700
62547
42816
34883
37535
32200
37160
6839
59570
48893
57929
40124
4525
56065
3945
13984
26502
51408
5436
24880
2796
15333
59548
12304
46361
7730
21200
21801
25536
12286
60801
22252
21251
39594
48530
65347
48576
11065
37942
58335
39266
49851
8552
43450
35014
59812
63852
5372
11515
5625
55467
12532
23414
61431
7932
19062
3742
20812
57965
64292
41698
56902
64052
62306
64060
63850
58227
45950
51776
2981
8216
954
23470
10308
20821
52843
6385
23455
44795
3218
34823
4449
53571
3656
35098
56381
46672
16789
64030
60348
61624
-1
40312
63240
63661
30624
11195
50672
64919
47784
29611
24472
55449
43554
48508
62686
21763
20953
37906
46613
19130
23437
34194
57229
11951
35462
56258
28707
61557
7569
3590
7280
42805
6216
15533
56645
37494
8819
7089
35426
62793
39499
29616
17409
3996
9945
2832
33634
23966
20319
63683
330
4919
21424
8341
58096
1739
63885
21966
49787
19529
51678
42839
21852
28228
49958
65231
50139
25530
41537
971
55948
41135
28200
61356
11479
40898
21845
7056
33487
56385
51721
36570
8452
46137
35154
6595
64051
60372
24055
2820
2590
11570
26669
58796
11345
21900
19183
2072
38469
23071
52485
58303
23069
21554
58904
34200
27819
26929
50045
9716
53195
16402
35948
4804
48915
27321
60838
42732
36137
67
34777
64432
19933
45763
53257
3253
3834
3447
57643
-1
