# 64 64
-1
220
85
141
32
150
207
213
154
92
128
117
127
204
223
223
233
49
245
147
8
81
173
123
216
91
70
14
251
232
199
94
89
165
84
193
58
87
22
140
114
105
243
167
26
31
93
81
237
45
200
54
249
180
101
83
255
146
209
213
68
133
137
37
# 64 64
223
-1
45
187
41
96
159
79
254
128
92
190
197
201
82
41
241
184
69
2
211
205
212
220
108
55
123
100
59
243
193
76
139
62
10
226
4
208
89
107
250
68
67
24
179
230
89
107
27
183
34
142
70
21
88
131
198
178
246
27
44
168
76
31
# 64 64
190
98
-1
2
98
165
54
39
45
15
82
175
82
160
241
99
65
136
80
154
219
35
236
227
86
240
16
238
181
190
67
31
198
244
90
114
121
182
31
168
60
67
73
38
142
215
119
102
95
191
87
19
100
74
139
141
112
159
32
237
225
12
221
200
# 64 64
216
127
136
-1
69
149
182
229
216
87
53
139
158
158
66
14
51
78
236
153
205
223
27
24
233
58
244
105
227
63
142
76
241
238
194
167
63
101
210
19
253
146
25
29
243
244
87
143
192
185
94
133
203
170
38
181
71
3
54
125
143
138
111
163
# 64 64
7
235
150
241
-1
2
79
250
62
162
16
8
211
129
61
120
218
56
151
115
112
110
131
49
62
138
116
126
173
219
114
31
9
78
88
206
226
170
186
142
25
94
17
120
228
178
116
238
183
97
77
36
6
200
236
235
132
182
47
188
238
214
98
148
# 64 64
141
186
225
86
202
-1
96
232
139
177
228
7
254
225
179
127
242
23
108
206
148
112
164
91
35
21
137
169
74
18
40
4
47
8
86
75
33
61
174
218
115
98
140
250
105
16
193
208
180
127
137
84
28
2
1
63
105
91
186
62
187
88
75
86
# 64 64
1
121
28
198
122
133
-1
46
153
196
74
76
103
93
129
86
196
48
177
227
146
180
254
38
220
140
12
210
73
180
129
59
249
61
239
90
59
203
180
159
120
60
72
92
188
58
144
127
199
242
1
52
246
69
193
170
13
180
251
243
128
175
24
175
# 64 64
7
55
147
121
181
141
238
-1
142
148
7
66
29
64
23
73
101
235
255
10
201
216
77
163
190
38
173
155
120
28
191
68
167
123
25
89
135
184
219
133
243
178
245
222
250
133
48
255
14
66
79
230
191
128
113
82
122
152
37
195
76
226
99
102
# 64 64
39
244
241
162
216
1
233
8
-1
104
42
144
114
120
36
177
136
221
92
198
111
210
188
213
115
150
84
135
108
168
229
100
40
205
107
158
81
33
60
96
202
43
116
127
187
236
166
36
127
130
150
140
47
227
145
170
33
23
219
19
13
122
53
101
# 64 64
39
254
37
41
16
32
210
198
105
-1
7
132
52
104
87
46
165
179
153
195
202
249
167
208
221
49
212
166
235
205
157
15
10
3
105
167
217
40
219
122
120
128
8
168
150
43
28
137
26
114
55
198
72
17
113
145
18
179
223
51
27
1
148
194
# 64 64
186
101
93
168
93
218
107
30
144
40
-1
238
56
24
19
86
250
187
165
125
164
61
170
115
252
206
215
41
240
123
135
159
212
75
240
17
163
246
253
133
65
156
252
170
9
161
12
251
111
171
59
114
224
139
93
4
4
96
250
218
151
66
203
249
# 64 64
180
11
141
58
160
30
211
154
9
8
167
-1
229
73
125
59
94
7
140
5
31
159
20
179
221
255
145
88
156
169
243
232
42
199
125
123
121
211
166
44
77
227
79
89
65
253
133
87
16
71
245
30
113
89
14
94
109
140
46
50
156
103
180
83
# 64 64
161
130
161
25
57
181
171
165
210
158
155
203
-1
13
189
40
147
132
124
6
77
232
171
31
108
103
178
247
14
22
247
179
134
69
65
104
177
117
217
165
226
179
199
245
157
207
40
96
235
215
19
64
114
220
29
72
183
90
67
254
52
123
27
192
# 64 64
148
219
193
143
179
140
85
68
54
174
233
243
204
-1
167
6
250
11
108
99
165
19
191
30
229
56
33
3
181
72
12
168
121
58
177
48
239
90
202
6
243
56
183
86
168
112
42
76
69
80
218
122
90
170
3
69
10
54
122
163
113
145
9
231
# 64 64
80
133
110
111
92
90
126
66
58
172
164
219
10
124
-1
167
163
198
23
3
23
78
134
203
166
185
132
217
50
95
7
234
73
5
9
165
78
17
242
44
93
38
210
243
225
82
116
46
253
34
92
4
231
26
189
95
92
62
214
34
4
219
184
254
# 64 64
181
6
142
105
39
199
71
253
153
17
42
173
241
224
213
-1
149
96
94
221
77
160
84
168
254
150
226
11
168
32
32
60
186
78
177
9
180
103
158
55
175
196
175
83
106
255
114
233
180
165
40
140
3
254
196
214
148
252
28
149
230
131
111
199
# 64 64
173
239
244
183
21
62
21
52
206
29
70
88
22
117
27
147
-1
59
247
193
213
21
216
25
13
242
118
234
40
75
108
178
214
109
255
7
81
3
248
6
154
46
98
107
128
248
12
148
2
220
189
70
220
3
208
133
113
200
227
48
244
188
230
237
# 64 64
165
52
115
36
226
207
174
71
153
255
196
158
79
182
95
20
158
-1
222
124
46
86
25
52
116
9
38
118
34
218
115
123
113
86
57
142
197
195
65
220
230
244
143
167
71
114
4
197
178
15
215
34
63
144
108
98
90
232
54
27
190
213
130
217
# 64 64
49
195
43
65
19
173
112
107
219
97
212
149
145
253
6
120
88
155
-1
186
112
248
203
225
131
47
232
254
127
104
105
207
72
7
140
71
185
231
83
50
106
130
19
147
57
160
125
1
51
48
159
17
32
247
46
145
42
133
76
186
247
122
243
249
# 64 64
34
118
204
151
192
27
98
161
108
37
45
171
241
239
231
30
115
8
223
-1
160
55
11
131
159
159
10
227
241
154
63
77
79
161
166
36
165
191
25
11
3
82
244
114
254
166
221
176
240
53
134
85
207
52
211
143
64
218
48
214
153
79
145
109
# 64 64
158
210
138
208
248
143
217
3
78
73
244
24
247
61
74
217
61
188
50
130
-1
25
182
29
180
224
251
192
54
146
222
19
117
61
236
50
177
161
93
177
227
169
227
181
176
126
57
180
65
166
10
154
224
151
32
214
189
19
163
122
121
109
21
105
# 64 64
170
132
183
240
79
177
253
197
46
159
104
99
82
43
149
168
147
73
57
5
93
-1
253
137
242
25
87
140
62
152
38
138
121
94
5
186
146
243
23
235
108
53
90
40
52
129
165
1
86
199
113
39
6
197
106
103
20
118
251
241
237
126
68
100
# 64 64
26
62
154
16
84
239
80
160
212
136
52
8
220
179
103
181
219
178
199
25
19
70
-1
16
169
19
108
229
203
46
92
60
131
199
138
36
190
141
33
85
94
6
102
82
15
61
76
224
59
219
239
35
246
134
179
8
254
250
182
130
116
131
35
3
# 64 64
225
84
196
52
99
12
46
94
75
177
48
149
93
203
244
141
239
6
251
82
113
121
186
-1
141
144
158
34
11
224
143
121
122
238
28
237
239
92
130
218
240
125
252
234
110
10
200
53
246
86
217
164
104
56
72
42
184
162
229
105
23
135
33
78
# 64 64
228
21
199
16
253
64
229
247
122
81
37
61
95
144
70
230
76
152
203
146
2
104
183
4
-1
193
31
247
218
21
9
162
155
107
47
64
230
246
207
198
16
131
35
201
253
92
143
136
89
250
234
137
40
77
170
105
147
32
121
98
238
24
92
54
# 64 64
206
185
21
216
104
12
184
105
143
248
101
60
184
118
81
169
170
117
189
109
239
114
84
105
221
-1
38
242
221
61
26
15
225
50
65
241
118
178
251
62
26
63
46
63
220
112
235
224
161
217
71
49
253
79
150
59
60
141
141
225
64
189
55
132
# 64 64
198
143
201
37
241
243
221
114
19
38
140
53
244
213
21
37
125
187
146
207
167
17
212
68
237
84
-1
59
89
99
107
8
131
196
225
205
239
180
70
221
125
110
107
232
43
5
20
87
63
71
47
35
30
94
17
234
197
22
210
22
184
59
52
255
# 64 64
92
180
165
14
212
254
199
214
157
222
184
129
189
27
126
241
190
4
92
36
45
76
27
134
18
12
243
-1
159
97
197
98
50
171
175
128
171
207
167
145
133
200
49
70
97
61
239
68
247
215
173
145
198
60
164
84
218
170
51
208
149
244
85
137
# 64 64
56
14
158
208
241
18
81
142
236
77
20
132
226
199
176
150
14
84
70
179
145
67
228
243
173
206
125
112
-1
150
2
126
14
85
198
9
152
43
185
9
107
199
229
14
67
75
74
203
100
58
94
174
7
233
65
169
38
144
150
190
177
159
86
107
# 64 64
194
184
218
193
202
78
125
14
107
101
72
112
208
209
196
59
220
9
240
160
108
50
130
19
52
159
243
110
8
-1
1
253
162
176
216
67
88
134
14
88
153
235
93
134
154
5
144
214
79
18
168
219
69
227
188
192
120
154
81
134
17
249
84
200
# 64 64
71
227
183
175
209
70
62
125
234
22
254
138
124
231
68
181
196
250
240
92
252
4
47
76
124
105
81
215
244
126
-1
182
157
27
159
255
85
113
92
35
197
175
128
202
203
222
39
128
44
34
152
69
170
172
29
46
182
247
37
123
215
67
123
138
# 64 64
7
78
44
114
34
221
228
131
122
104
199
102
60
113
208
88
162
76
243
236
230
191
137
138
54
189
202
17
71
23
166
-1
48
160
59
162
70
155
7
237
130
245
240
82
9
249
100
162
98
11
230
36
243
197
18
35
255
19
177
113
126
43
116
200
# 64 64
142
110
19
248
113
139
206
213
19
72
129
52
77
234
250
61
183
200
71
254
66
72
17
8
11
31
249
11
142
43
64
185
-1
62
89
85
211
136
102
44
8
213
203
115
21
173
152
16
250
40
145
74
18
71
33
8
228
104
251
97
196
164
179
172
# 64 64
99
159
36
10
119
150
61
152
111
123
63
155
10
73
217
126
15
162
247
54
9
93
60
145
119
52
71
51
239
223
160
152
199
-1
27
193
203
83
147
52
125
219
56
89
142
112
196
89
189
53
145
137
12
245
160
234
18
126
129
180
173
149
103
63
# 64 64
56
84
16
85
108
70
83
170
83
173
209
96
145
149
163
180
40
255
217
84
169
107
206
82
141
245
253
28
119
187
90
207
152
212
-1
74
230
219
232
5
119
143
214
181
156
16
210
112
1
204
191
186
90
85
114
155
136
67
100
80
54
123
67
184
# 64 64
239
45
97
22
226
175
181
79
151
27
165
22
64
244
165
129
149
132
59
235
139
154
10
178
98
223
1
12
34
191
7
135
185
179
203
-1
19
193
14
152
111
158
87
163
42
183
160
93
78
164
104
158
151
44
117
5
37
206
59
6
21
182
152
85
# 64 64
191
45
154
117
12
132
12
80
186
44
54
105
44
183
191
203
244
24
136
29
18
41
107
247
119
228
116
125
176
31
177
15
225
171
74
59
-1
159
254
53
189
182
209
225
93
221
31
94
81
155
242
33
248
129
171
248
138
212
187
128
209
72
154
167
# 64 64
114
42
71
99
170
191
16
18
6
110
40
213
170
98
180
189
112
20
128
180
53
126
82
152
204
253
137
85
24
17
60
188
248
219
93
231
203
-1
209
143
43
176
188
12
213
242
251
79
40
89
133
119
224
107
206
136
172
35
239
202
67
146
113
7
# 64 64
109
229
207
38
66
215
201
215
111
135
125
148
112
86
197
163
24
5
76
184
152
146
198
61
24
162
194
109
158
152
106
11
238
157
17
82
70
149
-1
179
237
196
18
102
167
182
204
28
234
210
89
126
234
236
118
145
84
185
239
222
53
217
87
185
# 64 64
207
125
214
145
109
208
249
115
171
54
60
119
107
222
7
72
70
62
5
102
18
80
45
87
222
89
194
120
252
229
30
248
169
190
39
145
165
147
198
-1
68
175
44
120
104
51
72
147
28
165
90
2
53
93
134
158
95
112
140
219
99
251
30
201
# 64 64
149
93
192
226
35
39
53
7
56
122
115
246
201
10
86
199
186
166
239
227
55
105
143
10
80
82
76
211
36
192
132
194
146
69
237
109
11
5
203
170
-1
109
174
158
99
178
80
12
133
99
28
221
67
46
83
5
38
67
214
105
246
172
251
49
# 64 64
45
247
146
197
58
173
65
33
19
58
3
74
188
162
49
153
198
138
31
68
113
178
121
28
21
146
64
219
201
224
192
76
249
90
246
235
77
171
84
69
247
-1
52
201
103
139
54
93
188
212
253
222
232
120
92
7
102
73
76
194
52
98
60
84
# 64 64
7
116
119
82
135
68
95
174
199
113
70
153
140
195
129
127
231
41
167
242
131
158
206
245
70
34
237
74
2
182
136
60
237
13
156
243
30
221
172
84
4
171
-1
60
70
246
37
71
192
164
120
230
190
85
20
157
200
134
128
185
98
9
157
121
# 64 64
195
34
68
9
39
155
112
120
3
176
126
33
186
235
92
162
153
204
186
146
160
113
9
117
7
55
81
66
137
40
26
25
61
56
206
2
137
109
80
156
185
53
214
-1
5
161
248
103
107
142
3
116
217
88
23
91
171
114
139
101
27
114
105
45
# 64 64
185
110
41
214
12
135
201
20
243
2
87
41
197
103
203
207
35
205
220
14
188
102
196
246
232
199
157
149
247
195
80
78
204
78
76
107
177
170
4
176
180
187
163
135
-1
134
94
130
181
184
244
209
244
153
44
19
36
169
165
154
27
115
144
127
# 64 64
71
17
59
98
203
118
251
133
165
247
30
247
101
216
108
74
237
31
196
212
232
165
114
13
244
96
121
49
223
157
163
238
25
140
160
112
191
156
53
171
215
6
42
167
29
-1
24
222
6
132
219
45
172
96
147
19
179
186
71
72
239
232
172
48
# 64 64
72
255
37
41
224
64
112
241
250
48
177
154
128
91
150
75
231
222
158
143
39
104
11
96
153
196
249
92
116
111
199
23
33
107
108
124
147
121
64
94
238
214
89
230
49
214
-1
209
149
154
234
87
197
84
38
209
80
132
242
255
98
249
65
216
# 64 64
179
235
114
2
76
224
181
219
107
191
218
246
204
244
167
65
93
50
93
30
243
221
65
132
234
111
94
193
169
12
161
33
166
211
177
69
179
114
166
116
61
72
185
107
5
175
202
-1
218
70
103
70
35
159
213
238
14
166
219
155
49
140
41
244
# 64 64
54
191
150
5
179
118
187
240
61
238
87
159
168
204
75
9
234
198
104
100
198
85
240
169
150
212
38
72
90
200
182
222
106
183
4
36
176
208
208
186
80
228
49
95
238
24
187
223
-1
102
130
72
47
75
237
48
150
61
96
219
111
162
148
71
# 64 64
58
189
227
198
140
15
90
99
67
138
224
11
210
134
6
247
214
220
64
30
126
185
240
169
117
138
233
33
36
34
229
148
177
210
131
187
21
244
70
150
33
25
77
247
92
108
36
211
225
-1
192
109
61
14
177
196
146
50
248
119
54
132
106
173
# 64 64
182
204
141
157
90
141
113
215
29
228
83
191
84
121
239
90
17
133
248
104
36
77
10
247
55
102
141
251
113
201
119
84
177
95
243
253
132
66
241
239
167
49
187
129
75
54
220
1
102
116
-1
248
253
135
50
90
255
176
30
33
74
225
49
65
# 64 64
198
205
245
35
134
111
131
199
127
121
36
124
65
132
69
151
129
185
52
92
43
252
89
160
219
180
32
71
105
118
161
10
91
215
249
221
109
9
237
79
206
90
96
62
196
212
153
186
45
179
61
-1
16
119
217
198
238
244
53
113
182
106
162
189
# 64 64
107
237
28
185
217
166
30
139
124
182
188
89
20
207
63
15
11
78
40
190
193
169
86
227
142
36
210
188
233
231
235
110
195
130
211
211
13
92
53
152
169
234
52
228
138
163
197
13
123
51
124
253
-1
115
93
250
221
135
165
16
80
19
40
62
# 64 64
63
34
88
59
103
167
46
211
231
255
165
161
179
98
36
114
58
243
174
47
133
93
189
156
12
146
14
36
239
9
11
117
237
139
89
201
136
9
43
19
233
76
55
99
114
89
110
105
32
43
74
214
183
-1
79
209
73
226
62
178
149
4
187
199
# 64 64
20
30
27
37
161
255
140
221
181
42
54
139
52
16
211
83
182
127
96
224
222
57
29
117
7
128
76
221
161
172
159
117
189
55
160
134
184
155
113
249
149
252
195
101
33
104
201
199
24
224
109
123
123
149
-1
40
201
82
98
31
186
229
206
104
# 64 64
219
237
99
239
35
186
119
166
24
238
171
43
211
121
125
162
87
208
191
210
107
91
57
174
69
220
142
10
193
119
21
29
142
178
241
104
236
49
4
190
17
67
213
49
158
122
131
111
22
99
8
110
175
240
105
-1
174
191
161
130
165
120
19
251
# 64 64
15
161
50
158
219
70
17
6
143
160
24
46
221
33
8
191
8
189
197
43
43
225
105
221
222
17
141
158
172
221
195
40
150
169
83
127
54
3
216
248
181
54
6
1
221
209
183
115
143
123
238
68
205
125
185
99
-1
129
200
66
66
23
152
169
# 64 64
80
108
226
11
140
255
110
226
60
90
181
248
90
113
231
55
113
135
128
114
7
99
47
100
181
150
10
3
223
218
94
109
75
239
93
85
107
75
146
175
164
230
114
171
18
112
143
195
223
7
171
220
240
84
53
228
66
-1
97
190
169
94
111
62
# 64 64
145
99
9
248
155
166
11
47
88
224
182
158
206
161
126
150
88
98
224
151
37
120
157
80
48
30
208
180
125
211
126
62
167
27
24
75
196
207
76
107
117
39
212
251
203
97
79
244
53
136
190
43
165
169
111
189
164
69
-1
191
68
175
100
37
# 64 64
74
246
76
24
166
78
145
135
55
130
75
11
28
174
96
33
114
245
156
231
167
23
175
40
102
197
46
122
186
217
23
229
232
22
100
29
251
225
85
5
26
54
12
27
208
208
58
167
174
6
96
194
7
164
43
254
114
243
3
-1
117
30
230
208
# 64 64
244
181
107
84
16
41
192
229
166
124
224
27
200
67
61
132
8
139
176
79
250
133
2
222
214
156
55
254
225
40
112
130
123
161
186
116
24
150
160
165
46
228
98
103
130
193
150
215
113
33
14
60
241
200
207
217
143
81
188
33
-1
121
76
209
# 64 64
197
221
145
137
108
247
181
239
245
93
128
191
142
146
202
39
175
160
161
33
204
115
122
58
179
172
133
76
236
165
50
3
215
197
82
32
12
135
2
117
208
187
201
103
5
32
91
117
71
102
31
129
39
25
248
143
124
122
143
53
211
-1
69
42
# 64 64
93
171
39
32
160
214
211
119
1
85
78
142
164
126
212
12
4
251
191
222
178
88
25
185
141
60
205
68
167
19
158
215
220
208
244
213
135
5
244
169
160
84
104
196
23
51
243
191
45
236
71
60
166
16
225
197
244
174
133
18
132
194
-1
139
# 64 64
2
155
57
208
91
252
116
77
79
87
1
1
215
101
160
212
177
204
184
43
224
89
41
74
201
17
91
242
179
134
75
159
204
33
82
6
90
130
182
89
84
229
110
31
3
46
118
3
217
11
81
174
85
158
14
189
177
186
157
242
193
18
172
-1
