-1
61200
18319
49995
36587
61148
5235
41911
6000
21947
14812
12802
40900
30375
31471
1520
26385
5995
13502
12514
61391
39181
44440
51051
15698
20964
64939
36657
3200
55526
21570
34009
34691
12976
28267
29440
50451
62275
35554
15415
15883
19323
9395
53736
30894
11061
34442
51625
41155
42977
56804
22067
28838
57595
13933
64097
39550
31868
57204
27643
17242
21242
27110
38429
61424
-1
31402
22867
30356
36436
6036
1117
64179
60856
22164
2992
62107
22544
5843
8746
61786
7976
32772
24528
60724
33892
62985
51501
12643
6371
40856
39064
16215
32929
18586
19035
45260
51357
53891
42893
33599
47395
64222
58326
25732
5304
26386
50402
7667
3142
54922
61516
47769
18892
37016
41667
18661
18810
55387
20615
51295
10907
30333
44827
8155
46246
22226
15305
36422
1143
-1
18709
64232
25733
19155
48223
1294
64255
58354
24813
63221
59211
64739
1868
30320
33776
14267
6468
31287
14143
18216
37876
58435
49706
42074
63654
60534
54730
25566
64760
2602
62189
46211
35395
34577
44734
28762
16515
5543
8681
26556
47944
23194
18937
24859
44526
65318
51179
3064
64855
63947
59232
59735
27888
32445
49704
23882
24374
3162
38251
13789
5628
43354
20219
49954
-1
57509
32619
47975
25735
51052
19144
45384
63097
59365
1080
64605
43950
32293
1227
56933
52504
1446
4652
24583
51407
13169
35986
20716
54506
3261
4105
5168
25781
64393
38422
9308
49681
41744
32962
25018
36065
6540
1752
15392
5966
28727
35005
49395
42106
4348
61031
2690
29223
25966
13941
36376
10679
47688
35238
65303
5097
25180
36511
58627
52993
63000
15147
8765
63912
-1
44426
43634
64770
51434
37727
14865
36955
1577
37364
33921
50885
6783
56855
46828
5524
56448
3885
38826
25461
36230
38942
28846
65066
41111
19537
10685
4273
16795
49203
2731
1323
64735
57898
35268
11529
25250
22410
64847
8404
6101
4832
38345
42742
41450
11867
43892
57595
47188
51210
40250
52778
3258
2502
42393
14579
21736
7598
27133
59904
37025
18127
40692
28831
53738
-1
618
64571
27300
3352
1994
2122
60320
6480
58392
39794
42019
44039
7275
8076
19382
38850
30850
2480
3197
4185
50895
25070
65316
39643
25361
20787
59148
42406
53928
35928
55592
15887
26056
1475
21447
23822
43485
57738
61373
62344
54440
13858
24901
37355
38033
10770
26404
11530
33105
64013
41514
23916
3239
52434
55468
21988
45175
6788
29392
62589
34466
8107
41522
53988
-1
26185
44039
54775
1685
55678
12341
56652
17633
26799
56417
43913
37681
28816
26476
62821
36552
233
35685
9018
44715
52838
55689
21593
9372
41446
29429
11670
17459
31938
46146
49263
63589
52416
39879
33863
55006
41002
4810
32115
17101
18715
15925
59403
53207
52424
33479
48604
16198
45100
10561
57194
62348
47733
49806
64258
61821
19319
13580
36114
46686
51595
65436
49546
21516
-1
43675
62410
16743
64029
62563
27095
40612
23955
6861
4024
29515
17517
20166
4985
2821
24601
25584
47370
52484
49969
41957
12553
5317
55931
25668
52837
62983
52351
34847
17118
15635
4461
42475
41688
51002
60618
40135
50894
27453
50603
5905
35363
46803
59291
61213
1666
3854
25103
39383
39905
5908
3297
16862
279
46098
26139
23479
26106
65509
58747
9516
7828
33498
23575
-1
54261
23168
40408
39253
33728
56439
57899
8892
59790
27511
28914
59419
41948
58864
27148
53686
34462
22788
35578
15872
52699
5887
36130
37466
15659
20050
62198
7715
12484
11533
59417
51814
47181
14806
48098
60259
26689
17014
56395
29474
9099
57305
58443
27904
2515
10149
20551
61301
6596
56195
30956
46236
34321
28833
18357
5131
42291
20657
3866
48529
44992
58270
9772
62484
-1
58338
3777
28940
36658
55427
47698
55564
38657
25977
14452
2749
1332
2547
48894
18154
56001
38097
48761
8887
30976
44971
28119
40704
60801
18861
58824
25526
14762
52306
51015
40666
14243
5387
47135
48530
10590
23159
9850
23872
27241
16948
13735
58200
9423
21414
63441
204
40060
53955
9777
17948
6485
35645
16884
6660
15083
29883
62984
20720
16221
20202
44928
46229
60651
-1
8411
41869
22920
39124
64668
45217
49038
35372
60743
20834
61197
57615
25543
29950
31646
20324
8176
12349
27822
22724
47842
22662
42219
35935
15095
56451
16072
11123
33363
33267
18403
51066
12412
18826
45498
52157
956
61801
44021
25041
51280
19719
11503
25702
28449
35826
51642
46081
52166
14530
56267
3274
8659
23987
18362
6642
37994
20123
34165
42176
19258
60444
1503
49511
-1
55204
38233
27116
12482
62337
64151
35015
14042
32364
54903
59189
11528
14426
43579
51476
2579
3235
21305
36600
7747
5578
354
20533
61887
11983
378
21404
42525
10091
44056
57928
44606
40262
61484
6094
25709
17977
14753
18915
31066
33240
15963
9587
2945
61135
54113
37118
25915
44840
48528
6420
3953
54339
57316
58350
21693
31227
49751
28660
6396
14583
38278
2498
39689
-1
29422
54709
5504
54481
58504
26512
14677
32481
46389
20238
37921
19365
48923
1718
32170
20261
19641
32974
52323
41661
16669
61177
1129
10202
11971
9908
9478
22168
59023
40657
21853
57386
2852
3809
2877
14808
58950
60482
3732
52192
42242
19736
53988
2742
5278
32419
32642
15104
13970
48872
52692
43874
35344
21335
45303
40659
39280
3806
40308
56631
44184
5661
18551
27237
-1
46476
12692
23138
62725
13869
49316
452
44618
39306
31131
17482
31774
58183
18269
52241
39429
46781
40120
15601
7718
11261
39461
8291
9481
61350
30968
7474
3725
52417
46269
36943
26746
25615
3759
37608
30220
50672
5093
57996
60650
31486
10210
49540
23742
50659
21855
21683
18139
11394
56142
30932
12149
23400
31560
37300
11988
52566
2274
4373
59725
10532
13302
63265
33103
-1
45895
23480
49101
3839
31206
56396
60289
3966
19296
40379
1051
23571
54755
15415
58358
64873
62320
20834
47705
10201
36777
44676
17087
53382
33620
17454
26691
61775
3134
3090
49927
56234
6269
56057
35569
11452
51476
31482
16954
11898
10064
61095
18887
22862
20582
19381
33196
26131
63341
41714
10505
61284
182
26728
64333
28928
42925
28885
8232
6895
25586
19794
48927
1376
-1
9373
3562
47899
62108
12405
32861
14051
7694
53608
20326
34881
47785
5705
36993
52942
41122
38250
39243
51483
26302
39550
57206
53238
11248
1005
25715
54202
51210
25866
45840
34802
24820
45079
7961
50606
43756
3157
19732
20122
53151
41104
50366
36430
20737
4132
64002
22346
2424
40636
39656
21562
32344
34987
15303
14309
45199
65401
41261
30089
25413
59612
40820
40130
14927
-1
7424
54696
49771
41651
64010
25038
42452
19676
49192
65119
24242
18822
20450
63195
4989
34720
50049
10894
46722
15297
2675
43215
18146
46614
26204
49489
49850
8369
11372
26347
56939
63003
33487
15193
49813
4337
33712
12763
18176
42990
46421
3615
873
9798
24532
30201
21568
31313
50871
15311
4049
2381
47357
27290
5332
10850
46372
17191
18024
7663
36226
44007
34281
34926
-1
40083
25109
5523
7400
10173
13248
22802
42262
19318
39066
19289
57569
36582
46028
47647
2852
49163
61331
45137
3878
28561
60042
63051
61578
20770
54432
45298
38407
61128
59830
55956
56046
61585
20542
28677
10631
15991
57988
55370
40818
27733
41857
8268
24343
48233
52588
30974
38126
47219
20566
54445
45431
57673
13396
3831
6442
24612
29203
1059
47502
56877
215
20792
29162
-1
21369
17983
10924
22831
6810
62320
14047
37597
61104
54454
33077
19336
26657
33275
45518
53290
295
14590
991
30924
36638
21032
13178
48962
9690
51389
28142
21369
39620
15096
34221
46905
7290
10091
47448
2664
21106
57736
17534
9673
40838
38817
13462
44963
45960
37544
60851
50365
34760
35597
9162
6980
42409
31820
46945
7074
3348
25761
2388
21112
38804
14451
466
37022
-1
4820
4012
4133
22001
64381
2260
8138
45285
34978
19749
40934
17206
62889
45291
52193
41482
52708
12419
59522
5
10860
56086
20953
31100
16798
22990
10389
28180
26814
57647
37037
12265
5077
15876
55311
60997
2939
48295
11871
18455
15295
57731
35798
29666
41982
22901
32143
24727
13310
65119
17816
35209
42370
38777
16284
35675
14309
14998
55096
32785
7779
64035
32194
28804
-1
29049
35913
56667
7486
38486
43642
41422
2705
195
24717
1095
25046
29766
16071
43228
30002
64101
18558
28687
49320
38940
12667
41792
7804
43879
28761
15171
10514
33405
12512
10434
60345
47945
42220
20353
22623
20549
49423
2138
27178
50045
14653
50796
14308
17226
8079
24295
50833
63904
16099
44265
35020
52201
2623
52511
55637
47528
14761
53627
26530
41322
23054
29327
35588
-1
24827
4729
40072
31525
37687
17984
39502
25295
34496
57674
32453
44196
46482
20793
38294
33487
53214
18004
41704
39576
11698
41104
10911
7759
29789
31761
34601
16053
36513
2403
23015
54381
17549
50858
15955
804
31551
12056
792
13231
40688
34844
34965
54321
32359
58648
54144
36016
19209
40395
38018
41273
28208
33236
34281
64313
57260
20923
3437
61999
50953
4796
58906
60614
-1
44557
63006
48526
21141
42579
62243
4821
10639
16589
25025
65168
12265
1898
47944
21929
63279
26911
40662
60151
2152
21167
25829
35333
48189
21763
22191
45594
32858
60977
36395
36558
24329
43775
37561
11642
24556
64804
4221
40791
23226
49503
15792
61023
39052
28927
20813
52914
44447
58001
41682
37292
21913
25861
59819
7064
52382
15028
31728
12862
47834
24786
49383
53391
24049
-1
30070
30135
2069
38201
36792
8926
51390
42665
20383
33469
52829
20786
17052
2327
17808
49106
18104
43656
61211
45190
53508
62002
54232
18275
55820
1127
40714
44123
36786
37134
56707
35610
1302
27103
49998
64087
3492
53340
18712
27101
23296
52763
9334
32162
40769
37054
46230
29188
23582
60588
14716
9551
34400
21008
23458
2645
25711
3768
44467
8186
43865
2713
33995
39694
-1
20433
62898
22360
11035
7393
35144
4318
7215
33655
62780
10920
60076
4625
26109
49665
8919
25819
3316
35903
39722
49724
29369
61655
20019
6715
1228
15834
32284
39985
5438
25771
1653
8364
14212
19031
52044
8465
20037
56598
51938
5339
2240
5793
19340
2524
7739
1684
12758
18289
38718
58428
13490
7690
1035
5734
61097
30115
64021
60456
59395
51547
9167
9153
18074
-1
54766
26540
51255
15317
3575
10744
7982
29199
58391
223
21289
39993
49969
3420
57341
34373
54074
9669
61978
19941
36073
1750
15422
47652
39079
47319
1950
6242
58975
30361
1916
46707
11497
62889
2826
1118
60505
37660
16021
52669
422
27266
10633
3966
31962
53173
29394
3085
5709
25213
53134
13952
48402
10175
27993
24325
30463
24350
26857
61929
51495
7962
35577
5108
-1
60073
64860
54748
55699
58584
33221
35503
55248
24353
19311
55698
52423
742
58421
8095
188
16437
51556
12794
62418
33323
21476
54303
41854
56508
59077
24460
42135
21077
48353
30434
52707
8134
8422
33951
6548
8459
25588
24752
8477
8659
61427
55153
55600
14866
3058
11068
38039
18183
14169
47552
63109
17656
53491
35529
64371
19287
25388
56989
19236
13172
49512
15552
38126
-1
7427
23928
57617
24175
17166
2495
30759
57598
18684
18745
54438
19235
9152
45588
54872
36645
19618
29459
10368
46012
2698
34680
18233
27042
2305
64173
21697
48790
41667
842
10180
27340
50303
44296
60112
44051
52266
18746
60882
50711
23519
63662
76
61795
35941
46381
15357
58227
65296
21631
19233
49236
8364
55051
25551
3517
22906
46555
6103
49446
28496
9380
27040
17818
-1
13864
14835
33575
40462
45082
12334
55875
61838
64412
24577
11200
45852
13027
28062
26521
23574
15185
40526
15740
16848
24829
53518
28888
46013
62168
12163
8196
24684
49606
6986
14237
59287
39532
14159
42907
10743
6089
58083
5707
6678
30602
29613
43048
21864
56267
3804
25750
26850
18762
13493
15147
33609
39600
35008
34884
38368
50296
38039
48502
39198
42202
50444
2927
42397
-1
41413
22167
44916
26555
26654
42487
58901
12675
64372
33138
33004
46286
2904
33561
62742
55036
10039
16719
40563
62379
6332
36562
60679
50981
59956
21172
7236
46823
1545
34625
49611
52350
37330
50980
7582
4829
39192
46746
14078
21524
58778
47297
12857
63885
44759
47519
64521
40816
23432
17213
7854
39145
19540
39916
26796
7660
5836
53301
43520
29216
2264
48062
48923
56828
-1
21353
7156
39799
25324
62504
60370
58084
4333
25857
40091
59579
46259
30395
28972
3364
10293
22295
7506
41237
61284
53646
10527
6742
34956
19571
32303
6976
64013
47747
64837
6709
14654
12024
51218
52617
37844
46
27404
41428
19009
43527
65369
32627
30621
35004
35197
5122
28256
48434
53434
5595
47625
64341
32587
27442
32914
62097
50695
9210
52188
25963
22179
48089
51126
-1
55720
9253
63189
12943
18018
5147
15818
6948
64191
18063
658
13527
48508
43881
8602
36837
1617
28413
61555
10854
48678
62846
9243
37995
3428
40721
9819
36568
48843
26409
26064
44316
528
2815
53087
30209
23158
62232
40991
53927
31395
12485
22745
4176
50717
30052
40902
10034
17741
64247
56702
13375
48851
13926
28153
14611
35900
5880
50556
28971
51708
23920
28430
40447
-1
33179
22865
64606
8996
26176
26950
20193
19394
11370
8183
61092
1407
42944
6738
62366
664
52735
42165
54228
14050
55282
39651
17251
24307
59298
11177
61676
52667
63568
36602
19247
26071
63145
30207
4334
10734
236
2978
62688
32316
59575
62031
5141
48023
49715
18320
38427
9974
51418
7836
2764
17192
3122
56459
40118
24034
61079
57164
31762
47924
25415
57570
40388
60379
-1
16376
13513
26290
65354
14977
14938
62054
48065
49568
64721
39053
13779
16053
23670
59522
61308
35719
22014
5315
43893
57211
42674
36030
14383
17184
28896
30017
11648
65332
1498
15901
6915
62625
51708
5739
46465
31580
60402
60637
26235
61681
9065
2421
55910
39178
6622
46703
5406
44981
32710
45681
20262
47508
39960
29096
7708
15185
16648
83
29436
8315
17200
49328
17214
-1
33941
62528
54611
60094
9279
21278
4452
45242
41923
18969
24000
48001
14735
57199
27156
58529
59885
41799
54742
51429
58916
47186
28170
1201
58587
58152
57910
53606
11306
64130
60990
18989
54300
31985
36752
31945
38931
40363
27708
55038
7963
59719
53150
45696
8257
50547
7193
34896
39939
65279
4345
56511
49675
2922
34948
23738
5819
10766
40687
2065
21028
53664
31751
6001
-1
35455
40565
49637
44154
45632
11357
12394
3674
54623
12094
62231
10239
19408
52024
62965
8304
16731
24671
58049
22591
59301
18098
49114
27880
25604
39595
18565
39950
45409
18601
59091
34339
59446
12302
41835
32696
49326
16700
564
8132
58680
28973
14287
27354
45706
63564
54434
37559
47922
61820
59500
52260
62556
39213
13378
1761
43994
21566
9419
48871
53076
9581
63819
55899
-1
36993
65363
55016
55088
59558
2494
4461
65171
21036
25365
32980
4044
21283
23031
16430
29486
40696
21819
476
10966
40097
27636
44847
21091
40654
38986
7383
36576
23561
28374
32382
39768
10059
64498
46805
26953
57289
27089
7391
23743
52144
55191
30262
39757
64653
13236
24277
1940
31591
4524
59352
31695
20843
30124
33670
58509
2144
1169
36555
65465
60311
48122
41124
57284
-1
53263
5058
61340
56909
22377
56848
5956
56044
13496
61286
49665
22604
13248
9354
17942
60527
11752
4181
44145
58833
21338
42607
25415
43921
47353
5003
58472
60401
35088
60286
6200
31002
12047
51725
10921
9382
6503
41767
24288
14242
15683
15404
44804
33865
32361
32361
26881
6226
45168
7006
7532
13388
14921
1133
3127
26514
29003
49814
53029
17723
2291
12637
53374
52182
-1
52897
53319
61339
46874
24473
13988
35524
12272
38224
59668
9138
54098
6911
53307
9870
3121
64663
26154
38454
14281
26929
33204
6055
34860
53227
57680
54301
35815
40563
61878
52535
4613
26115
37137
45788
56868
12182
27140
58154
11013
48010
58061
54381
43066
53804
52508
19664
40789
61647
58746
58504
62396
24794
6279
10738
25456
56537
63795
17803
35287
64701
59055
20721
33635
-1
57000
9361
60308
21657
14509
52461
14690
24187
38521
483
54264
26012
54281
12668
29931
50662
42983
47138
33963
50720
12808
21024
20652
22814
48677
49226
34250
54864
30896
13286
37142
14512
48316
37197
57640
62343
58298
27296
27692
35608
3313
57705
34294
14379
42158
51594
53407
30090
42830
38457
35646
8593
2508
25806
56689
19778
38214
25138
63627
3292
47500
37533
15214
24614
-1
36368
65263
1757
50626
50422
60459
44659
44516
38911
48663
22678
20856
6955
10254
24315
39484
26592
33706
36160
31150
39020
44402
58370
26338
16316
29399
43686
6613
11804
29824
29303
5501
19099
23078
24965
33380
25777
24799
61515
27376
11634
7974
23707
1056
47929
5696
27466
20146
39555
30377
42368
43732
1302
8082
4892
27890
59158
51199
25539
37943
60060
6668
5577
26979
-1
31776
33401
51509
48035
24408
22948
47609
35642
21575
19815
46988
11354
46131
4993
52095
46303
17835
9229
31859
43791
21102
51632
16080
6671
52666
32192
47559
65137
11464
31473
41151
30102
17698
639
20449
23103
12030
25830
6555
28495
55911
57765
61278
52840
42557
7026
9976
35360
8691
7535
20803
40118
15276
60666
55383
33674
51934
43522
5279
30026
40605
11217
2351
27519
-1
5944
5481
64281
3232
27852
62805
42430
9194
60380
4777
54326
23171
44970
6226
35177
46016
50468
48355
15913
43324
13971
53257
3466
9059
46312
3382
13625
22584
27440
35041
30758
38028
52146
36635
41124
61029
41666
50429
20629
53503
45175
45093
37257
5011
26033
64850
63019
63188
21925
10167
15895
41636
11512
5702
23495
64172
44816
6884
34446
49646
18763
63918
20941
42990
-1
45442
31564
31257
61755
18020
26866
38211
37093
37685
40613
24116
65030
11567
45127
33940
3029
45492
53365
45042
11158
34374
33520
44043
17697
8225
58161
31331
10536
8646
29125
28792
29554
38712
98
24290
4900
40741
38297
15619
17047
50306
37702
11814
10041
48783
17684
912
7164
28881
4098
3303
33638
58738
18858
543
21942
16541
65097
48816
56292
47986
60756
3475
36248
-1
38373
7099
49448
24380
20850
3542
23615
31516
42219
26061
32039
4476
12561
31756
34375
35474
42280
18863
20101
3197
21223
9298
20848
30300
56826
44452
37230
9546
48434
31802
40641
41213
20481
25971
1456
46895
11406
53509
18309
42838
7461
11031
5280
28551
8606
58888
518
44071
63816
61867
33176
65153
36445
32928
48491
4857
38397
4759
22799
37662
51405
51706
34160
33333
-1
36791
46128
14542
34350
56660
5094
63914
29175
9667
61194
63030
30258
50509
36161
8888
10891
15517
26052
5945
61074
47671
15888
14458
30860
7782
34503
63680
14812
26866
20370
20132
65514
27945
37018
17889
58274
47910
30341
31684
14789
16670
59323
62500
6622
43142
23485
22885
56686
2520
31011
5369
26032
24087
60897
60920
45199
41738
29539
63467
38881
23293
15374
34149
10758
-1
27077
2422
36507
24435
36718
47396
28187
50254
25371
7827
56080
12168
28509
7387
18061
44200
42578
30593
59016
23437
63476
51803
24682
10251
24364
35669
4983
41455
28646
31238
62349
27115
33667
51039
8034
35773
34824
60452
2424
28572
26961
4468
13559
64105
21267
30729
25615
61035
49071
35371
46750
45829
25689
16683
47900
5193
49136
43578
58764
28082
36735
36156
5083
54791
-1
21430
17251
12859
15227
9369
30108
2879
24094
25751
52105
5933
61074
24849
4777
13219
34761
13226
16644
63161
50102
57489
25330
15805
33284
59171
43016
52330
18336
31158
23844
15476
18621
18372
60470
38469
12410
32800
54459
23400
14988
49158
56111
33565
2791
27004
42476
1475
52137
5929
1631
53817
14922
32973
49244
33341
51484
61533
55791
61047
28225
24381
65208
23937
20512
-1
63609
59016
52009
47827
58731
52209
936
36189
28915
17659
1616
59367
17679
5112
24186
38432
881
49355
46168
59445
13602
29499
3515
58200
2481
64932
32363
2322
10770
13212
41819
4955
26168
58116
31396
26192
9139
58535
25412
18904
26732
1330
52609
47379
5696
22469
48484
30267
14845
47870
33544
31963
60003
3728
2098
2921
7387
50055
59719
49954
39824
20659
23162
29712
-1
11420
11370
60593
50462
31278
45094
33043
7872
60380
47975
61395
53147
52099
65459
28218
7099
21201
9945
37443
35165
6817
32199
11693
57633
10859
48731
1762
21315
5665
47650
45441
15829
36405
16600
36271
49595
63897
18714
17611
34718
6815
29448
28880
40014
59492
49997
17205
5295
41429
61005
63492
16775
17909
53758
20100
43701
23177
23102
46338
24644
52487
39441
57615
38380
-1
16312
18049
19214
53927
16102
29425
5613
46951
23717
43533
49262
37685
1017
47270
201
9944
59064
50092
35894
36237
37792
28138
29825
1174
19254
49826
35368
50396
27157
42483
18007
44749
6537
59831
40756
65474
26101
54707
55178
29765
45233
28938
7217
45563
45208
35321
38750
55160
9900
1076
25149
56781
56346
6423
56535
2641
40609
917
63728
22926
26573
7431
38900
26439
-1
27285
20442
54511
42943
38842
6388
57436
13447
36405
42807
32891
12079
12697
13922
55367
19960
59093
60113
7299
30742
51761
36633
62946
33082
33081
36997
443
22837
35963
3739
14915
35321
25539
50109
3931
32046
13198
26771
35435
12659
55316
555
35799
33555
45579
29398
43176
16713
5993
33590
50044
36044
25706
55634
12666
1971
46553
56952
34097
44021
12848
15485
17576
27027
-1
63798
35241
63895
17324
25661
51607
23863
51982
61523
36763
18851
40971
52561
62003
52102
60367
35773
62331
7813
32890
9689
36410
57904
63088
1779
15042
23551
42499
25846
25835
7330
64121
61228
64249
47727
58762
4280
44031
23454
61675
1891
2909
20348
60155
46058
23709
27329
46503
16338
16200
6411
6694
40041
41062
61109
38591
25754
20360
57807
55702
47584
27127
59304
40927
-1
8221
5403
37155
62505
48945
5413
64684
28702
6334
32329
30650
25810
12656
19722
62160
52421
39941
11873
21324
798
25151
36127
47697
47616
21621
65482
45295
63948
25165
46767
29304
48141
4236
40605
18768
56715
59912
55513
56817
41220
7369
51225
43347
2439
42809
30994
37985
64925
36708
58717
54331
36713
25726
4681
52926
12567
36198
33333
59903
23544
29222
16837
59178
33432
-1
55253
42863
39061
5383
42742
17662
60683
7737
27779
14972
23539
11874
36136
19807
47903
34260
23335
60402
52309
17777
33743
21489
10328
21252
9351
12261
16178
53881
13438
44722
29931
55490
12405
12032
39319
34067
45079
61843
21297
28886
42930
35637
51634
13602
27135
29739
31620
38432
65149
59613
43876
63949
63716
31343
4701
32030
43677
63383
5088
35523
12937
4407
59839
30243
-1
30837
5143
9361
11681
16040
63140
2297
52116
26168
7806
27602
37308
22530
23064
55404
5919
16354
11031
7385
41184
20574
25000
24633
39969
17419
24925
62970
13190
5991
58492
13981
42224
41412
56799
60638
46870
60715
49332
54137
24423
60170
17056
59654
16590
47848
5389
41259
34249
56429
22279
11913
31072
19718
6241
12159
55832
3569
13831
14604
59633
18770
29748
32754
29686
-1
29263
59696
28430
40958
33859
62751
59159
20662
11151
16785
16137
25393
12938
49329
26642
5963
49110
42044
3966
58282
64204
42890
28935
16661
21443
29894
33468
55926
50230
60299
63615
64576
14293
63064
22652
13067
18053
9894
64072
64981
932
35730
1783
1991
16510
6350
39998
56286
64446
22634
55668
52530
16769
2252
64754
65343
5739
4102
13435
46882
57327
9981
48559
27762
-1
34692
31239
26596
18317
13803
32720
15548
34261
37542
21141
61423
47791
3391
53939
36204
62206
62793
18721
43999
2414
20661
41169
47642
23702
25631
56888
55046
3486
22492
61539
20286
18605
12019
34257
11394
18507
65277
63475
9182
64948
46013
27218
177
44529
6780
60014
48732
64782
23165
53683
63504
58567
29243
63567
18374
51121
25194
57581
2291
4409
52470
26228
13023
52083
-1
11014
15266
12009
40217
48874
58864
7306
47370
41224
61071
32466
3533
34498
56369
30977
24998
60964
16899
12593
59646
37343
18546
19303
19173
8840
17311
6946
57014
7274
18588
25905
10335
2337
38728
34090
23281
56568
6511
42241
40582
11864
62497
11416
56690
27912
33984
50401
62877
64901
38843
23754
35433
6717
23674
57886
14552
37557
33703
37623
62862
29555
61735
57753
55537
-1
56743
53579
33122
24597
20786
48918
52889
59403
61691
7933
25417
42915
40772
65086
33123
9553
28429
3390
31562
35469
5584
13448
62628
2441
30074
56668
35780
17282
55087
38279
49820
60024
54274
3448
20182
58312
40241
33683
8801
62610
11370
1130
38364
62412
5950
64844
47706
14814
15532
64923
31722
25425
2908
37182
24730
8318
35903
44767
49902
27030
28499
60089
15873
53198
-1
43871
65122
16996
52654
60692
21
5552
41163
42641
32519
50353
10035
17159
8569
47733
61095
38614
44699
9678
8022
4732
28078
23191
59017
52147
4440
13372
14269
49464
13012
31319
2808
9754
41699
33014
62380
36594
59233
45703
28702
261
13771
50293
47938
45828
1600
47608
50671
11494
54896
49307
20928
60495
46019
47338
14452
59836
25798
11118
38265
48224
48089
65399
64076
-1
64925
25192
53274
51186
32884
31224
65519
59329
33111
37266
30480
54999
60644
40881
871
4597
31553
58541
5711
11774
30143
43048
26108
10275
28719
33234
35562
38046
30540
43913
19995
52107
31673
37089
56092
52067
29403
1722
53427
46315
29394
39357
41807
45322
4127
34764
32154
31200
45899
63100
57008
20297
2702
20537
36400
50069
31721
2206
1568
59914
11405
3497
38731
22318
-1
5424
46181
22661
25198
652
47235
57266
612
49227
21146
12399
4660
54942
12006
33452
34853
31643
3211
56101
54471
62831
9969
59558
30094
6064
50419
17812
62538
50744
4072
26838
23014
42357
35154
25977
30752
58868
40226
40028
38833
12796
39196
11163
18796
44524
62266
65397
9212
37073
54254
25317
26355
6861
21789
6599
42776
48716
10332
51382
45877
44133
51839
45631
351
-1
